100000
((0 0.0 0.0 0.42 0.0 0.0 0.0 0.3 0.7 0.5 0.2 0.0 1.0 0.6 0.2 0.12 0.9 0.7 0.0 0.2 0.07) . 90)
((0 0.0 0.0 0.42 0.0 0.0 1.0 0.3 0.7 0.5 0.2 0.0 1.0 0.6 0.2 0.12 0.9 0.7 0.0 0.2 0.07) . 9)
((0 0.7 0.0 0.42 0.0 0.0 1.0 0.3 0.7 0.5 0.2 0.0 1.0 0.6 0.2 0.12 0.9 0.7 0.0 0.2 0.07) . 1)
99900
((0 0.0 0.0 0.42 0.0 0.0 0.0 0.3 0.7 0.5 0.2 0.0 1.0 0.6 0.2 0.12 0.9 0.7 0.0 0.2 0.07) . 100)
99800
((0 0.0 0.0 0.42 0.0 0.0 0.0 0.3 0.7 0.5 0.2 0.0 1.0 0.6 0.2 0.12 0.9 0.7 0.0 0.2 0.07) . 99)
((0 0.0 0.0 0.42 0.0 0.0 0.0 0.3 0.7 0.7 0.2 0.0 1.0 0.6 0.2 0.12 0.9 0.7 0.0 0.2 0.07) . 1)
99700
((0 0.0 0.0 0.42 0.0 0.0 0.0 0.3 0.7 0.5 0.2 0.0 1.0 0.6 0.2 0.12 0.9 0.7 0.0 0.2 0.07) . 100)
99600
((0 0.0 0.0 0.42 0.0 0.0 0.0 0.3 0.7 0.5 0.2 0.0 1.0 0.6 0.2 0.12 0.9 0.7 0.0 0.2 0.07) . 100)
99500
((0 0.0 0.0 0.42 0.0 0.0 0.0 0.3 0.7 0.5 0.2 0.0 1.0 0.6 0.2 0.12 0.9 0.7 0.0 0.2 0.07) . 80)
((0 0.0 0.0 0.42 0.0 0.0 0.0 0.3 0.7 0.5 0.2 0.0 1.0 0.6 0.3 0.12 0.9 0.7 0.0 0.2 0.07) . 20)
99400
((0 0.0 0.0 0.42 0.0 0.0 0.0 0.3 0.7 0.5 0.2 0.0 1.0 0.6 0.2 0.12 0.9 0.7 0.0 0.2 0.07) . 100)
99300
((0 0.0 0.0 0.42 0.0 0.0 0.0 0.3 0.7 0.5 0.2 0.0 1.0 0.6 0.2 0.12 0.9 0.7 0.0 0.2 0.07) . 100)
99200
((0 0.0 0.0 0.42 0.0 0.0 0.0 0.3 0.7 0.5 0.2 0.0 1.0 0.6 0.2 0.12 0.9 0.7 0.0 0.2 0.07) . 100)
99100
((0 0.0 0.0 0.42 0.0 0.0 0.0 0.3 0.7 0.5 0.2 0.0 1.0 0.6 0.2 0.12 0.9 0.7 0.0 0.2 0.07) . 100)
99000
((0 0.0 0.0 0.42 0.0 0.0 0.0 0.3 0.7 0.5 0.2 0.0 1.0 0.6 0.2 0.12 0.9 0.7 0.0 0.2 0.07) . 100)
98900
((0 0.0 0.0 0.42 0.0 0.0 0.0 0.3 0.7 0.5 0.2 0.0 1.0 0.6 0.2 0.12 0.9 0.7 0.0 0.2 0.07) . 94)
((0 0.0 0.0 0.42 0.0 0.0 0.0 0.3 0.7 0.5 0.2 0.0 1.0 0.6 0.4 0.12 0.9 0.7 0.0 0.2 0.07) . 6)
98800
((0 0.0 0.0 0.42 0.0 0.0 0.0 0.3 0.7 0.5 0.2 0.0 1.0 0.6 0.2 0.12 0.9 0.7 0.0 0.2 0.07) . 100)
98700
((0 0.0 0.0 0.42 0.0 0.0 0.0 0.3 0.7 0.5 0.2 0.0 1.0 0.6 0.2 0.12 0.9 0.7 0.0 0.2 0.07) . 100)
98600
((0 0.0 0.0 0.42 0.0 0.0 0.0 0.3 0.7 0.5 0.2 0.0 1.0 0.6 0.2 0.12 0.9 0.7 0.0 0.2 0.07) . 100)
98500
((0 0.0 0.0 0.42 0.0 0.0 0.0 0.3 0.7 0.5 0.2 0.0 1.0 0.6 0.2 0.12 0.9 0.7 0.0 0.2 0.07) . 100)
98400
((0 0.0 0.0 0.42 0.0 0.0 0.0 0.3 0.7 0.5 0.2 0.0 1.0 0.6 0.2 0.12 0.9 0.7 0.0 0.2 0.07) . 100)
98300
((0 0.0 0.0 0.42 0.0 0.0 0.0 0.3 0.7 0.5 0.2 0.0 1.0 0.6 0.2 0.12 0.9 0.7 0.0 0.2 0.07) . 100)
98200
((0 0.0 0.0 0.42 0.0 0.0 0.0 0.3 0.7 0.5 0.2 0.0 1.0 0.6 0.2 0.12 0.9 0.7 0.0 0.2 0.07) . 100)
98100
((0 0.0 0.0 0.42 0.0 0.0 0.0 0.3 0.7 0.5 0.2 0.0 1.0 0.6 0.2 0.12 0.9 0.7 0.0 0.2 0.07) . 97)
((0 0.0 0.0 0.42 0.0 0.0 0.0 0.3 0.7 0.5 0.2 0.0 1.0 0.6 0.2 0.12 0.9 0.7 0.0 0.1 0.07) . 1)
((0 0.0 0.0 0.42 0.0 0.0 0.0 0.3 0.7 0.5 0.2 0.0 0.7 0.6 0.2 0.12 0.9 0.7 0.0 0.2 0.07) . 1)
((0 0.0 0.0 0.42 0.0 0.0 0.0 0.3 0.7 0.5 0.2 0.0 1.0 0.6 0.2 0.1 0.9 0.7 0.0 0.2 0.07) . 1)
98000
((0 0.0 0.0 0.42 0.0 0.0 0.0 0.3 0.7 0.5 0.2 0.0 1.0 0.6 0.2 0.12 0.9 0.7 0.0 0.2 0.07) . 100)
97900
((0 0.0 0.0 0.42 0.0 0.0 0.0 0.3 0.7 0.5 0.2 0.0 1.0 0.6 0.2 0.12 0.9 0.7 0.0 0.2 0.07) . 98)
((0 0.0 0.0 0.42 0.0 0.0 0.0 0.3 0.7 0.5 0.1 0.0 1.0 0.6 0.2 0.12 0.9 0.7 0.0 0.2 0.07) . 2)
97800
((0 0.0 0.0 0.42 0.0 0.0 0.0 0.3 0.7 0.5 0.2 0.0 1.0 0.6 0.2 0.12 0.9 0.7 0.0 0.2 0.07) . 99)
((0 0.0 0.0 0.6 0.0 0.0 0.0 0.3 0.7 0.5 0.2 0.0 1.0 0.6 0.2 0.12 0.9 0.7 0.0 0.2 0.07) . 1)
97700
((0 0.0 0.0 0.42 0.0 0.0 0.0 0.3 0.7 0.5 0.2 0.0 1.0 0.6 0.2 0.12 0.9 0.7 0.0 0.2 0.07) . 95)
((0 0.0 0.0 0.42 0.0 0.0 0.0 0.3 0.7 0.5 0.2 0.0 1.0 0.6 0.2 0.12 0.9 0.7 0.0 0.2 0.2) . 5)
97600
((0 0.0 0.0 0.42 0.0 0.0 0.0 0.3 0.7 0.5 0.2 0.0 1.0 0.6 0.2 0.12 0.9 0.7 0.0 0.2 0.07) . 100)
97500
((0 0.0 0.0 0.42 0.0 0.0 0.0 0.3 0.7 0.5 0.2 0.0 1.0 0.6 0.2 0.12 0.9 0.7 0.0 0.2 0.07) . 100)
97400
((0 0.0 0.0 0.42 0.0 0.0 0.0 0.3 0.7 0.5 0.2 0.0 1.0 0.6 0.2 0.12 0.9 0.7 0.0 0.2 0.07) . 99)
((0 0.0 0.0 0.42 0.0 0.0 0.0 0.3 0.7 0.6 0.2 0.0 1.0 0.6 0.2 0.12 0.9 0.7 0.0 0.2 0.07) . 1)
97300
((0 0.0 0.0 0.42 0.0 0.0 0.0 0.3 0.7 0.5 0.2 0.0 1.0 0.6 0.2 0.12 0.9 0.7 0.0 0.2 0.07) . 100)
97200
((0 0.0 0.0 0.42 0.0 0.0 0.0 0.3 0.7 0.5 0.2 0.0 1.0 0.6 0.2 0.12 0.9 0.7 0.0 0.2 0.07) . 99)
((0 0.0 0.0 0.42 0.0 0.0 0.0 0.3 0.7 0.5 0.2 0.0 1.0 0.6 0.2 0.12 0.9 0.7 0.0 0.2 0.1) . 1)
97100
((0 0.0 0.0 0.42 0.0 0.0 0.0 0.3 0.7 0.5 0.2 0.0 1.0 0.6 0.2 0.12 0.9 0.7 0.0 0.2 0.07) . 100)
97000
((0 0.0 0.0 0.42 0.0 0.0 0.0 0.3 0.7 0.5 0.2 0.0 1.0 0.6 0.2 0.12 0.9 0.7 0.0 0.2 0.07) . 100)
96900
((0 0.0 0.0 0.42 0.0 0.0 0.0 0.3 0.7 0.5 0.2 0.0 1.0 0.6 0.2 0.12 0.9 0.7 0.0 0.2 0.07) . 100)
96800
((0 0.0 0.0 0.42 0.0 0.0 0.0 0.3 0.7 0.5 0.2 0.0 1.0 0.6 0.2 0.12 0.9 0.7 0.0 0.2 0.07) . 100)
96700
((0 0.0 0.0 0.42 0.0 0.0 0.0 0.3 0.7 0.5 0.2 0.0 1.0 0.6 0.2 0.12 0.9 0.7 0.0 0.2 0.07) . 100)
96600
((0 0.0 0.0 0.42 0.0 0.0 0.0 0.3 0.7 0.5 0.2 0.0 1.0 0.6 0.2 0.12 0.9 0.7 0.0 0.2 0.07) . 100)
96500
((0 0.0 0.0 0.42 0.0 0.0 0.0 0.3 0.7 0.5 0.2 0.0 1.0 0.6 0.2 0.12 0.9 0.7 0.0 0.2 0.07) . 99)
((0 0.0 0.0 0.42 0.0 0.0 0.0 0.3 0.7 0.5 0.4 0.0 1.0 0.6 0.2 0.12 0.9 0.7 0.0 0.2 0.07) . 1)
96400
((0 0.0 0.0 0.42 0.0 0.0 0.0 0.3 0.7 0.5 0.2 0.0 1.0 0.6 0.2 0.12 0.9 0.7 0.0 0.2 0.07) . 97)
((0 0.0 0.0 0.42 0.0 0.0 0.0 0.3 0.7 0.5 0.2 0.0 1.0 0.6 0.3 0.12 0.9 0.7 0.0 0.2 0.07) . 3)
96300
((0 0.0 0.0 0.42 0.0 0.0 0.0 0.3 0.7 0.5 0.2 0.0 1.0 0.6 0.2 0.12 0.9 0.7 0.0 0.2 0.07) . 99)
((0 0.0 0.0 0.42 0.0 0.0 0.0 0.3 0.7 0.5 0.2 0.0 1.0 0.6 0.2 0.12 0.9 0.7 0.0 0.2 0.1) . 1)
96200
((0 0.0 0.0 0.42 0.0 0.0 0.0 0.3 0.7 0.5 0.2 0.0 1.0 0.6 0.2 0.12 0.9 0.7 0.0 0.2 0.07) . 100)
96100
((0 0.0 0.0 0.42 0.0 0.0 0.0 0.3 0.7 0.5 0.2 0.0 1.0 0.6 0.2 0.12 0.9 0.7 0.0 0.2 0.07) . 100)
96000
((0 0.0 0.0 0.42 0.0 0.0 0.0 0.3 0.7 0.5 0.2 0.0 1.0 0.6 0.2 0.12 0.9 0.7 0.0 0.2 0.07) . 97)
((0 0.0 0.0 0.9 0.0 0.0 0.0 0.3 0.7 0.5 0.2 0.0 1.0 0.6 0.2 0.12 0.9 0.7 0.0 0.2 0.07) . 3)
95900
((0 0.0 0.0 0.42 0.0 0.0 0.0 0.3 0.7 0.5 0.2 0.0 1.0 0.6 0.2 0.12 0.9 0.7 0.0 0.2 0.07) . 59)
((0 0.0 0.0 0.42 0.0 0.0 0.0 0.3 0.7 0.5 0.2 0.0 1.0 0.1 0.2 0.12 0.9 0.7 0.0 0.2 0.07) . 41)
95800
((0 0.0 0.0 0.42 0.0 0.0 0.0 0.3 0.7 0.5 0.2 0.0 1.0 0.6 0.2 0.12 0.9 0.7 0.0 0.2 0.07) . 86)
((0 0.0 0.0 0.42 0.0 0.0 0.0 0.3 0.7 0.5 0.2 0.0 1.0 0.1 0.2 0.12 0.9 0.7 0.0 0.2 0.07) . 14)
95700
((0 0.0 0.0 0.42 0.0 0.0 0.0 0.3 0.7 0.5 0.2 0.0 1.0 0.6 0.2 0.12 0.9 0.7 0.0 0.2 0.07) . 100)
95600
((0 0.0 0.0 0.42 0.0 0.0 0.0 0.3 0.7 0.5 0.2 0.0 1.0 0.6 0.2 0.12 0.9 0.7 0.0 0.2 0.07) . 100)
95500
((0 0.0 0.0 0.42 0.0 0.0 0.0 0.3 0.7 0.5 0.2 0.0 1.0 0.6 0.2 0.12 0.9 0.7 0.0 0.2 0.07) . 100)
95400
((0 0.0 0.0 0.42 0.0 0.0 0.0 0.3 0.7 0.5 0.2 0.0 1.0 0.6 0.2 0.12 0.9 0.7 0.0 0.2 0.07) . 100)
95300
((0 0.0 0.0 0.42 0.0 0.0 0.0 0.3 0.7 0.5 0.2 0.0 1.0 0.6 0.2 0.12 0.9 0.7 0.0 0.2 0.07) . 100)
95200
((0 0.0 0.0 0.42 0.0 0.0 0.0 0.3 0.7 0.5 0.2 0.0 1.0 0.6 0.2 0.12 0.9 0.7 0.0 0.2 0.07) . 100)
95100
((0 0.0 0.0 0.42 0.0 0.0 0.0 0.3 0.7 0.5 0.2 0.0 1.0 0.6 0.2 0.12 0.9 0.7 0.0 0.2 0.07) . 96)
((0 0.8 0.0 0.42 0.0 0.0 0.0 0.3 0.7 0.5 0.2 0.0 1.0 0.6 0.2 0.12 0.9 0.7 0.0 0.2 0.07) . 4)
95000
((0 0.0 0.0 0.42 0.0 0.0 0.0 0.3 0.7 0.5 0.2 0.0 1.0 0.6 0.2 0.12 0.9 0.7 0.0 0.2 0.07) . 65)
((0 0.8 0.0 0.42 0.0 0.0 0.0 0.3 0.7 0.5 0.2 0.0 1.0 0.6 0.2 0.12 0.9 0.7 0.0 0.2 0.07) . 35)
94900
((0 0.8 0.0 0.42 0.0 0.0 0.0 0.3 0.7 0.5 0.2 0.0 1.0 0.6 0.2 0.12 0.9 0.7 0.0 0.2 0.07) . 56)
((0 0.0 0.0 0.42 0.0 0.0 0.0 0.3 0.7 0.5 0.2 0.0 1.0 0.6 0.2 0.12 0.9 0.7 0.0 0.2 0.07) . 44)
94800
((0 0.0 0.0 0.42 0.0 0.0 0.0 0.3 0.7 0.5 0.2 0.0 1.0 0.6 0.2 0.12 0.9 0.7 0.0 0.2 0.07) . 96)
((0 0.8 0.0 0.42 0.0 0.0 0.0 0.3 0.7 0.5 0.2 0.0 1.0 0.6 0.2 0.12 0.9 0.7 0.0 0.2 0.07) . 4)
94700
((0 0.0 0.0 0.42 0.0 0.0 0.0 0.3 0.7 0.5 0.2 0.0 1.0 0.6 0.2 0.12 0.9 0.7 0.0 0.2 0.07) . 99)
((0 0.0 0.0 0.42 0.0 0.0 0.0 0.3 0.7 0.5 0.2 0.0 1.0 0.6 0.2 0.12 0.9 0.7 0.0 0.2 0.6) . 1)
94600
((0 0.0 0.0 0.42 0.0 0.0 0.0 0.3 0.7 0.5 0.2 0.0 1.0 0.6 0.2 0.12 0.9 0.7 0.0 0.2 0.07) . 100)
94500
((0 0.0 0.0 0.42 0.0 0.0 0.0 0.3 0.7 0.5 0.2 0.0 1.0 0.6 0.2 0.12 0.9 0.7 0.0 0.2 0.07) . 56)
((0 0.0 0.0 0.42 0.0 0.0 0.0 0.2 0.7 0.5 0.2 0.0 1.0 0.6 0.2 0.12 0.9 0.7 0.0 0.2 0.07) . 39)
((0 0.0 0.0 0.42 0.0 0.0 0.0 0.3 0.7 0.5 0.2 0.0 1.0 0.6 0.3 0.12 0.9 0.7 0.0 0.2 0.07) . 5)
94400
((0 0.0 0.0 0.42 0.0 0.0 0.0 0.3 0.7 0.5 0.2 0.0 1.0 0.6 0.2 0.12 0.9 0.7 0.0 0.2 0.07) . 61)
((0 0.0 0.0 0.42 0.0 0.0 0.0 0.2 0.7 0.5 0.2 0.0 1.0 0.6 0.2 0.12 0.9 0.7 0.0 0.2 0.07) . 36)
((0 0.2 0.0 0.42 0.0 0.0 0.0 0.3 0.7 0.5 0.2 0.0 1.0 0.6 0.2 0.12 0.9 0.7 0.0 0.2 0.07) . 3)
94300
((0 0.0 0.0 0.42 0.0 0.0 0.0 0.3 0.7 0.5 0.2 0.0 1.0 0.6 0.2 0.12 0.9 0.7 0.0 0.2 0.07) . 62)
((0 0.0 0.0 0.42 0.0 0.0 0.0 0.2 0.7 0.5 0.2 0.0 1.0 0.6 0.2 0.12 0.9 0.7 0.0 0.2 0.07) . 38)
94200
((0 0.0 0.0 0.42 0.0 0.0 0.0 0.2 0.7 0.5 0.2 0.0 1.0 0.6 0.2 0.12 0.9 0.7 0.0 0.2 0.07) . 51)
((0 0.0 0.0 0.42 0.0 0.0 0.0 0.3 0.7 0.5 0.2 0.0 1.0 0.6 0.2 0.12 0.9 0.7 0.0 0.2 0.07) . 48)
((0 0.0 0.0 0.42 0.0 0.0 0.0 0.3 0.7 0.5 0.2 0.0 1.0 0.6 0.2 0.12 0.9 0.3 0.0 0.2 0.07) . 1)
94100
((0 0.0 0.0 0.42 0.0 0.0 0.0 0.2 0.7 0.5 0.2 0.0 1.0 0.6 0.2 0.12 0.9 0.7 0.0 0.2 0.07) . 89)
((0 0.0 0.0 0.42 0.0 0.0 0.0 0.3 0.7 0.5 0.2 0.0 1.0 0.6 0.2 0.12 0.9 0.7 0.0 0.2 0.07) . 11)
94000
((0 0.0 0.0 0.42 0.0 0.0 0.0 0.2 0.7 0.5 0.2 0.0 1.0 0.6 0.2 0.12 0.9 0.7 0.0 0.2 0.07) . 52)
((0 0.0 0.0 0.42 0.0 0.0 0.0 0.3 0.7 0.5 0.2 0.0 1.0 0.6 0.2 0.12 0.9 0.7 0.0 0.2 0.07) . 42)
((0 0.0 0.0 0.42 0.0 0.0 0.0 0.2 0.7 0.5 0.2 0.0 1.0 0.6 0.2 0.12 0.9 0.7 0.2 0.2 0.07) . 6)
93900
((0 0.0 0.0 0.42 0.0 0.0 0.0 0.2 0.7 0.5 0.2 0.0 1.0 0.6 0.2 0.12 0.9 0.7 0.2 0.2 0.07) . 46)
((0 0.0 0.0 0.42 0.0 0.0 0.0 0.3 0.7 0.5 0.2 0.0 1.0 0.6 0.2 0.12 0.9 0.7 0.0 0.2 0.07) . 37)
((0 0.0 0.0 0.42 0.0 0.0 0.9 0.2 0.7 0.5 0.2 0.0 1.0 0.6 0.2 0.12 0.9 0.7 0.0 0.2 0.07) . 10)
((0 0.0 0.0 0.42 0.0 0.0 0.0 0.2 0.7 0.5 0.2 0.0 1.0 0.6 0.2 0.12 0.9 0.7 0.0 0.2 0.07) . 7)
93800
((0 0.0 0.0 0.42 0.0 0.0 0.0 0.2 0.7 0.5 0.2 0.0 1.0 0.6 0.2 0.12 0.9 0.7 0.2 0.2 0.07) . 62)
((0 0.0 0.0 0.42 0.0 0.0 0.0 0.3 0.7 0.5 0.2 0.0 1.0 0.6 0.2 0.12 0.9 0.7 0.0 0.2 0.07) . 33)
((0 0.0 0.0 0.42 0.0 0.0 0.0 0.2 0.7 0.5 0.2 0.0 1.0 0.6 0.2 0.12 0.9 0.7 0.0 0.2 0.07) . 5)
93700
((0 0.0 0.0 0.42 0.0 0.0 0.0 0.2 0.7 0.5 0.2 0.0 1.0 0.6 0.2 0.12 0.9 0.7 0.2 0.2 0.07) . 83)
((0 0.0 0.0 0.42 0.0 0.0 0.0 0.2 0.7 0.5 0.2 0.0 1.0 0.6 0.2 0.12 0.9 0.7 0.0 0.2 0.07) . 6)
((0 0.0 0.0 0.42 0.0 0.0 0.0 0.3 0.7 0.5 0.2 0.0 1.0 0.6 0.2 0.12 0.9 0.7 0.0 0.2 0.07) . 5)
((0 0.8 0.0 0.42 0.0 0.0 0.0 0.2 0.7 0.5 0.2 0.0 1.0 0.6 0.2 0.12 0.9 0.7 0.0 0.2 0.07) . 5)
((0 0.4 0.0 0.42 0.0 0.0 0.0 0.2 0.7 0.5 0.2 0.0 1.0 0.6 0.2 0.12 0.9 0.7 0.0 0.2 0.07) . 1)
93600
((0 0.0 0.0 0.42 0.0 0.0 0.0 0.2 0.7 0.5 0.2 0.0 1.0 0.6 0.2 0.12 0.9 0.7 0.2 0.2 0.07) . 93)
((0 0.0 0.0 0.42 0.0 0.0 0.0 0.2 0.7 0.5 0.2 0.0 1.0 0.6 0.2 0.12 0.9 0.7 0.0 0.2 0.07) . 7)
93500
((0 0.0 0.0 0.42 0.0 0.0 0.0 0.2 0.7 0.5 0.2 0.0 1.0 0.6 0.2 0.12 0.9 0.7 0.2 0.2 0.07) . 100)
93400
((0 0.0 0.0 0.42 0.0 0.0 0.0 0.2 0.7 0.5 0.2 0.0 1.0 0.6 0.2 0.12 0.9 0.7 0.2 0.2 0.07) . 100)
93300
((0 0.0 0.0 0.42 0.0 0.0 0.0 0.2 0.7 0.5 0.2 0.0 1.0 0.6 0.2 0.12 0.9 0.7 0.2 0.2 0.07) . 100)
93200
((0 0.0 0.0 0.42 0.0 0.0 0.0 0.2 0.7 0.5 0.2 0.0 1.0 0.6 0.2 0.12 0.9 0.7 0.2 0.2 0.07) . 99)
((0 0.0 0.0 0.42 0.1 0.0 0.0 0.2 0.7 0.5 0.2 0.0 1.0 0.6 0.2 0.12 0.9 0.7 0.2 0.2 0.07) . 1)
93100
((0 0.0 0.0 0.42 0.0 0.0 0.0 0.2 0.7 0.5 0.2 0.0 1.0 0.6 0.2 0.12 0.9 0.7 0.2 0.2 0.07) . 95)
((0 0.0 0.0 0.42 0.0 0.0 0.0 0.2 0.7 0.5 0.2 0.0 1.0 0.7 0.2 0.12 0.9 0.7 0.2 0.2 0.07) . 5)
93000
((0 0.0 0.0 0.42 0.0 0.0 0.0 0.2 0.7 0.5 0.2 0.0 1.0 0.6 0.2 0.12 0.9 0.7 0.2 0.2 0.07) . 100)
92900
((0 0.0 0.0 0.42 0.0 0.0 0.0 0.2 0.7 0.5 0.2 0.0 1.0 0.6 0.2 0.12 0.9 0.7 0.2 0.2 0.07) . 100)
92800
((0 0.0 0.0 0.42 0.0 0.0 0.0 0.2 0.7 0.5 0.2 0.0 1.0 0.6 0.2 0.12 0.9 0.7 0.2 0.2 0.07) . 100)
92700
((0 0.0 0.0 0.42 0.0 0.0 0.0 0.2 0.7 0.5 0.2 0.0 1.0 0.6 0.2 0.12 0.9 0.7 0.2 0.2 0.07) . 100)
92600
((0 0.0 0.0 0.42 0.0 0.0 0.0 0.2 0.7 0.5 0.2 0.0 1.0 0.6 0.2 0.12 0.9 0.7 0.2 0.2 0.07) . 99)
((0 0.0 0.0 0.42 0.0 0.0 0.0 0.2 0.7 0.5 0.2 0.0 1.0 0.6 0.2 0.12 0.9 0.8 0.2 0.2 0.07) . 1)
92500
((0 0.0 0.0 0.42 0.0 0.0 0.0 0.2 0.7 0.5 0.2 0.0 1.0 0.6 0.2 0.12 0.9 0.7 0.2 0.2 0.07) . 100)
92400
((0 0.0 0.0 0.42 0.0 0.0 0.0 0.2 0.7 0.5 0.2 0.0 1.0 0.6 0.2 0.12 0.9 0.7 0.2 0.2 0.07) . 100)
92300
((0 0.0 0.0 0.42 0.0 0.0 0.0 0.2 0.7 0.5 0.2 0.0 1.0 0.6 0.2 0.12 0.9 0.7 0.2 0.2 0.07) . 100)
92200
((0 0.0 0.0 0.42 0.0 0.0 0.0 0.2 0.7 0.5 0.2 0.0 1.0 0.6 0.2 0.12 0.9 0.7 0.2 0.2 0.07) . 100)
92100
((0 0.0 0.0 0.42 0.0 0.0 0.0 0.2 0.7 0.5 0.2 0.0 1.0 0.6 0.2 0.12 0.9 0.7 0.2 0.2 0.07) . 99)
((0 0.0 0.0 0.42 0.0 0.0 0.0 0.2 0.7 0.6 0.2 0.0 1.0 0.6 0.2 0.12 0.9 0.7 0.2 0.2 0.07) . 1)
92000
((0 0.0 0.0 0.42 0.0 0.0 0.0 0.2 0.7 0.5 0.2 0.0 1.0 0.6 0.2 0.12 0.9 0.7 0.2 0.2 0.07) . 100)
91900
((0 0.0 0.0 0.42 0.0 0.0 0.0 0.2 0.7 0.5 0.2 0.0 1.0 0.6 0.2 0.12 0.9 0.7 0.2 0.2 0.07) . 99)
((0 0.0 0.0 0.42 0.0 0.0 0.0 0.2 0.7 0.5 0.2 0.0 1.0 0.0 0.2 0.12 0.9 0.7 0.2 0.2 0.07) . 1)
91800
((0 0.0 0.0 0.42 0.0 0.0 0.0 0.2 0.7 0.5 0.2 0.0 1.0 0.6 0.2 0.12 0.9 0.7 0.2 0.2 0.07) . 100)
91700
((0 0.0 0.0 0.42 0.0 0.0 0.0 0.2 0.7 0.5 0.2 0.0 1.0 0.6 0.2 0.12 0.9 0.7 0.2 0.2 0.07) . 100)
91600
((0 0.0 0.0 0.42 0.0 0.0 0.0 0.2 0.7 0.5 0.2 0.0 1.0 0.6 0.2 0.12 0.9 0.7 0.2 0.2 0.07) . 95)
((0 0.0 0.0 0.42 0.0 0.0 0.0 0.2 0.8 0.5 0.2 0.0 1.0 0.6 0.2 0.12 0.9 0.7 0.2 0.2 0.07) . 5)
91500
((0 0.0 0.0 0.42 0.0 0.0 0.0 0.2 0.7 0.5 0.2 0.0 1.0 0.6 0.2 0.12 0.9 0.7 0.2 0.2 0.07) . 100)
91400
((0 0.0 0.0 0.42 0.0 0.0 0.0 0.2 0.7 0.5 0.2 0.0 1.0 0.6 0.2 0.12 0.9 0.7 0.2 0.2 0.07) . 93)
((0 0.0 0.0 0.42 0.0 0.0 0.0 0.2 0.7 0.5 0.2 0.0 1.0 0.6 0.2 0.12 0.7 0.7 0.2 0.2 0.07) . 6)
((0 0.0 0.0 0.42 0.0 0.9 0.0 0.2 0.7 0.5 0.2 0.0 1.0 0.6 0.2 0.12 0.9 0.7 0.2 0.2 0.07) . 1)
91300
((0 0.0 0.0 0.42 0.0 0.0 0.0 0.2 0.7 0.5 0.2 0.0 1.0 0.6 0.2 0.12 0.9 0.7 0.2 0.2 0.07) . 82)
((0 0.0 0.0 0.42 0.0 0.0 0.0 0.2 0.7 0.5 0.2 0.0 1.0 0.6 0.2 0.12 0.7 0.7 0.2 0.2 0.07) . 18)
91200
((0 0.0 0.0 0.42 0.0 0.0 0.0 0.2 0.7 0.5 0.2 0.0 1.0 0.6 0.2 0.12 0.9 0.7 0.2 0.2 0.07) . 100)
91100
((0 0.0 0.0 0.42 0.0 0.0 0.0 0.2 0.7 0.5 0.2 0.0 1.0 0.6 0.2 0.12 0.9 0.7 0.2 0.2 0.07) . 100)
91000
((0 0.0 0.0 0.42 0.0 0.0 0.0 0.2 0.7 0.5 0.2 0.0 1.0 0.6 0.2 0.12 0.9 0.7 0.2 0.2 0.07) . 99)
((0 0.0 0.0 0.42 0.0 0.0 0.0 0.2 0.7 0.5 0.2 0.0 1.0 0.6 0.2 0.12 0.9 0.7 0.2 0.1 0.07) . 1)
90900
((0 0.0 0.0 0.42 0.0 0.0 0.0 0.2 0.7 0.5 0.2 0.0 1.0 0.6 0.2 0.12 0.9 0.7 0.2 0.2 0.07) . 100)
90800
((0 0.0 0.0 0.42 0.0 0.0 0.0 0.2 0.7 0.5 0.2 0.0 1.0 0.6 0.2 0.12 0.9 0.7 0.2 0.2 0.07) . 100)
90700
((0 0.0 0.0 0.42 0.0 0.0 0.0 0.2 0.7 0.5 0.2 0.0 1.0 0.6 0.2 0.12 0.9 0.7 0.2 0.2 0.07) . 99)
((0 0.0 0.0 0.42 0.0 0.0 0.0 0.2 0.7 0.5 0.2 0.0 1.0 0.6 0.2 0.12 0.3 0.7 0.2 0.2 0.07) . 1)
90600
((0 0.0 0.0 0.42 0.0 0.0 0.0 0.2 0.7 0.5 0.2 0.0 1.0 0.6 0.2 0.12 0.9 0.7 0.2 0.2 0.07) . 100)
90500
((0 0.0 0.0 0.42 0.0 0.0 0.0 0.2 0.7 0.5 0.2 0.0 1.0 0.6 0.2 0.12 0.9 0.7 0.2 0.2 0.07) . 100)
90400
((0 0.0 0.0 0.42 0.0 0.0 0.0 0.2 0.7 0.5 0.2 0.0 1.0 0.6 0.2 0.12 0.9 0.7 0.2 0.2 0.07) . 100)
90300
((0 0.0 0.0 0.42 0.0 0.0 0.0 0.2 0.7 0.5 0.2 0.0 1.0 0.6 0.2 0.12 0.9 0.7 0.2 0.2 0.07) . 100)
90200
((0 0.0 0.0 0.42 0.0 0.0 0.0 0.2 0.7 0.5 0.2 0.0 1.0 0.6 0.2 0.12 0.9 0.7 0.2 0.2 0.07) . 100)
90100
((0 0.0 0.0 0.42 0.0 0.0 0.0 0.2 0.7 0.5 0.2 0.0 1.0 0.6 0.2 0.12 0.9 0.7 0.2 0.2 0.07) . 100)
90000
((0 0.0 0.0 0.42 0.0 0.0 0.0 0.2 0.7 0.5 0.2 0.0 1.0 0.6 0.2 0.12 0.9 0.7 0.2 0.2 0.07) . 94)
((0 0.0 0.0 0.42 0.0 0.0 0.0 0.0 0.7 0.5 0.2 0.0 1.0 0.6 0.2 0.12 0.9 0.7 0.2 0.2 0.07) . 6)
89900
((0 0.0 0.0 0.42 0.0 0.0 0.0 0.2 0.7 0.5 0.2 0.0 1.0 0.6 0.2 0.12 0.9 0.7 0.2 0.2 0.07) . 77)
((0 0.0 0.0 0.42 0.0 0.0 0.0 0.0 0.7 0.5 0.2 0.0 1.0 0.6 0.2 0.12 0.9 0.7 0.2 0.2 0.07) . 23)
89800
((0 0.0 0.0 0.42 0.0 0.0 0.0 0.2 0.7 0.5 0.2 0.0 1.0 0.6 0.2 0.12 0.9 0.7 0.2 0.2 0.07) . 74)
((0 0.0 0.0 0.42 0.0 0.0 0.0 0.0 0.7 0.5 0.2 0.0 1.0 0.6 0.2 0.12 0.9 0.7 0.2 0.2 0.07) . 23)
((0 0.0 0.0 0.42 0.0 0.0 0.0 0.0 0.8 0.5 0.2 0.0 1.0 0.6 0.2 0.12 0.9 0.7 0.2 0.2 0.07) . 2)
((0 0.0 0.0 0.42 0.0 0.0 0.6 0.2 0.7 0.5 0.2 0.0 1.0 0.6 0.2 0.12 0.9 0.7 0.2 0.2 0.07) . 1)
89700
((0 0.0 0.0 0.42 0.0 0.0 0.0 0.2 0.7 0.5 0.2 0.0 1.0 0.6 0.2 0.12 0.9 0.7 0.2 0.2 0.07) . 92)
((0 0.0 0.0 0.42 0.0 0.0 0.0 0.0 0.7 0.5 0.2 0.0 1.0 0.6 0.2 0.12 0.9 0.7 0.2 0.2 0.07) . 6)
((0 0.0 0.0 0.42 0.0 0.0 0.6 0.2 0.7 0.5 0.2 0.0 1.0 0.6 0.2 0.12 0.9 0.7 0.2 0.2 0.07) . 2)
89600
((0 0.0 0.0 0.42 0.0 0.0 0.0 0.2 0.7 0.5 0.2 0.0 1.0 0.6 0.2 0.12 0.9 0.7 0.2 0.2 0.07) . 100)
89500
((0 0.0 0.0 0.42 0.0 0.0 0.0 0.2 0.7 0.5 0.2 0.0 1.0 0.6 0.2 0.12 0.9 0.7 0.2 0.2 0.07) . 100)
89400
((0 0.0 0.0 0.42 0.0 0.0 0.0 0.2 0.7 0.5 0.2 0.0 1.0 0.6 0.2 0.12 0.9 0.7 0.2 0.2 0.07) . 100)
89300
((0 0.0 0.0 0.42 0.0 0.0 0.0 0.2 0.7 0.5 0.2 0.0 1.0 0.6 0.2 0.12 0.9 0.7 0.2 0.2 0.07) . 98)
((0 0.0 0.0 0.42 0.0 0.0 0.0 0.2 0.7 0.5 0.2 0.0 1.0 0.6 0.2 0.12 0.9 0.7 0.2 0.2 0.4) . 2)
89200
((0 0.0 0.0 0.42 0.0 0.0 0.0 0.2 0.7 0.5 0.2 0.0 1.0 0.6 0.2 0.12 0.9 0.7 0.2 0.2 0.07) . 97)
((0 0.0 0.0 0.42 0.0 0.0 0.0 0.2 0.7 0.5 0.2 0.0 1.0 0.7 0.2 0.12 0.9 0.7 0.2 0.2 0.07) . 3)
89100
((0 0.0 0.0 0.42 0.0 0.0 0.0 0.2 0.7 0.5 0.2 0.0 1.0 0.6 0.2 0.12 0.9 0.7 0.2 0.2 0.07) . 92)
((0 0.0 0.0 0.42 0.0 0.0 0.0 0.2 0.7 0.5 0.2 0.0 1.0 0.7 0.2 0.12 0.9 0.7 0.2 0.2 0.07) . 8)
89000
((0 0.0 0.0 0.42 0.0 0.0 0.0 0.2 0.7 0.5 0.2 0.0 1.0 0.6 0.2 0.12 0.9 0.7 0.2 0.2 0.07) . 100)
88900
((0 0.0 0.0 0.42 0.0 0.0 0.0 0.2 0.7 0.5 0.2 0.0 1.0 0.6 0.2 0.12 0.9 0.7 0.2 0.2 0.07) . 100)
88800
((0 0.0 0.0 0.42 0.0 0.0 0.0 0.2 0.7 0.5 0.2 0.0 1.0 0.6 0.2 0.12 0.9 0.7 0.2 0.2 0.07) . 100)
88700
((0 0.0 0.0 0.42 0.0 0.0 0.0 0.2 0.7 0.5 0.2 0.0 1.0 0.6 0.2 0.12 0.9 0.7 0.2 0.2 0.07) . 100)
88600
((0 0.0 0.0 0.42 0.0 0.0 0.0 0.2 0.7 0.5 0.2 0.0 1.0 0.6 0.2 0.12 0.9 0.7 0.2 0.2 0.07) . 100)
88500
((0 0.0 0.0 0.42 0.0 0.0 0.0 0.2 0.7 0.5 0.2 0.0 1.0 0.6 0.2 0.12 0.9 0.7 0.2 0.2 0.07) . 100)
88400
((0 0.0 0.0 0.42 0.0 0.0 0.0 0.2 0.7 0.5 0.2 0.0 1.0 0.6 0.2 0.12 0.9 0.7 0.2 0.2 0.07) . 100)
88300
((0 0.0 0.0 0.42 0.0 0.0 0.0 0.2 0.7 0.5 0.2 0.0 1.0 0.6 0.2 0.12 0.9 0.7 0.2 0.2 0.07) . 100)
88200
((0 0.0 0.0 0.42 0.0 0.0 0.0 0.2 0.7 0.5 0.2 0.0 1.0 0.6 0.2 0.12 0.9 0.7 0.2 0.2 0.07) . 100)
88100
((0 0.0 0.0 0.42 0.0 0.0 0.0 0.2 0.7 0.5 0.2 0.0 1.0 0.6 0.2 0.12 0.9 0.7 0.2 0.2 0.07) . 100)
88000
((0 0.0 0.0 0.42 0.0 0.0 0.0 0.2 0.7 0.5 0.2 0.0 1.0 0.6 0.2 0.12 0.9 0.7 0.2 0.2 0.07) . 100)
87900
((0 0.0 0.0 0.42 0.0 0.0 0.0 0.2 0.7 0.5 0.2 0.0 1.0 0.6 0.2 0.12 0.9 0.7 0.2 0.2 0.07) . 100)
87800
((0 0.0 0.0 0.42 0.0 0.0 0.0 0.2 0.7 0.5 0.2 0.0 1.0 0.6 0.2 0.12 0.9 0.7 0.2 0.2 0.07) . 100)
87700
((0 0.0 0.0 0.42 0.0 0.0 0.0 0.2 0.7 0.5 0.2 0.0 1.0 0.6 0.2 0.12 0.9 0.7 0.2 0.2 0.07) . 100)
87600
((0 0.0 0.0 0.42 0.0 0.0 0.0 0.2 0.7 0.5 0.2 0.0 1.0 0.6 0.2 0.12 0.9 0.7 0.2 0.2 0.07) . 97)
((0 0.0 0.0 0.42 0.0 0.0 0.0 0.2 0.7 0.5 0.3 0.0 1.0 0.6 0.2 0.12 0.9 0.7 0.2 0.2 0.07) . 3)
87500
((0 0.0 0.0 0.42 0.0 0.0 0.0 0.2 0.7 0.5 0.2 0.0 1.0 0.6 0.2 0.12 0.9 0.7 0.2 0.2 0.07) . 100)
87400
((0 0.0 0.0 0.42 0.0 0.0 0.0 0.2 0.7 0.5 0.2 0.0 1.0 0.6 0.2 0.12 0.9 0.7 0.2 0.2 0.07) . 60)
((0 0.0 0.0 0.42 0.0 0.0 0.0 0.2 0.7 0.7 0.2 0.0 1.0 0.6 0.2 0.12 0.9 0.7 0.2 0.2 0.07) . 40)
87300
((0 0.0 0.0 0.42 0.0 0.0 0.0 0.2 0.7 0.5 0.2 0.0 1.0 0.6 0.2 0.12 0.9 0.7 0.2 0.2 0.07) . 59)
((0 0.0 0.0 0.42 0.0 0.0 0.0 0.2 0.7 0.7 0.2 0.0 1.0 0.6 0.2 0.12 0.9 0.7 0.2 0.2 0.07) . 39)
((0 0.0 0.0 0.8 0.0 0.0 0.0 0.2 0.7 0.5 0.2 0.0 1.0 0.6 0.2 0.12 0.9 0.7 0.2 0.2 0.07) . 1)
((0 0.0 0.0 0.42 0.0 0.0 0.0 0.2 0.7 0.5 0.2 0.0 1.0 0.6 0.2 0.12 0.9 0.8 0.2 0.2 0.07) . 1)
87200
((0 0.0 0.0 0.42 0.0 0.0 0.0 0.2 0.7 0.5 0.2 0.0 1.0 0.6 0.2 0.12 0.9 0.7 0.2 0.2 0.07) . 96)
((0 0.0 0.0 0.42 0.0 0.0 0.0 0.2 0.7 0.7 0.2 0.0 1.0 0.6 0.2 0.12 0.9 0.7 0.2 0.2 0.07) . 4)
87100
((0 0.0 0.0 0.42 0.0 0.0 0.0 0.2 0.7 0.5 0.2 0.0 1.0 0.6 0.2 0.12 0.9 0.7 0.2 0.2 0.07) . 100)
87000
((0 0.0 0.0 0.42 0.0 0.0 0.0 0.2 0.7 0.5 0.2 0.0 1.0 0.6 0.2 0.12 0.9 0.7 0.2 0.2 0.07) . 79)
((0 0.0 0.0 0.42 0.0 0.0 0.0 0.2 0.7 0.5 0.2 0.0 1.0 0.6 0.2 0.12 0.9 0.7 0.2 0.2 0.1) . 16)
((0 0.1 0.0 0.42 0.0 0.0 0.0 0.2 0.7 0.5 0.2 0.0 1.0 0.6 0.2 0.12 0.9 0.7 0.2 0.2 0.07) . 5)
86900
((0 0.0 0.0 0.42 0.0 0.0 0.0 0.2 0.7 0.5 0.2 0.0 1.0 0.6 0.2 0.12 0.9 0.7 0.2 0.2 0.07) . 95)
((0 0.0 0.0 0.42 0.0 0.0 0.0 0.2 0.7 0.5 0.2 0.0 1.0 0.6 0.2 0.12 0.9 0.7 0.2 0.2 0.1) . 4)
((0 0.0 0.0 0.42 0.0 0.0 0.0 0.2 0.7 0.5 0.2 0.0 1.0 0.6 0.2 0.1 0.9 0.7 0.2 0.2 0.07) . 1)
86800
((0 0.0 0.0 0.42 0.0 0.0 0.0 0.2 0.7 0.5 0.2 0.0 1.0 0.6 0.2 0.12 0.9 0.7 0.2 0.2 0.07) . 99)
((0 0.0 0.0 0.42 0.0 0.0 0.0 0.2 0.7 0.5 0.2 0.0 1.0 0.6 0.2 0.12 0.9 0.7 0.1 0.2 0.07) . 1)
86700
((0 0.0 0.0 0.42 0.0 0.0 0.0 0.2 0.7 0.5 0.2 0.0 1.0 0.6 0.2 0.12 0.9 0.7 0.2 0.2 0.07) . 81)
((0 0.0 0.0 0.3 0.0 0.0 0.0 0.2 0.7 0.5 0.2 0.0 1.0 0.6 0.2 0.12 0.9 0.7 0.2 0.2 0.07) . 18)
((0 0.0 0.0 0.42 0.0 0.0 0.0 0.2 0.7 0.5 0.5 0.0 1.0 0.6 0.2 0.12 0.9 0.7 0.2 0.2 0.07) . 1)
86600
((0 0.0 0.0 0.42 0.0 0.0 0.0 0.2 0.7 0.5 0.2 0.0 1.0 0.6 0.2 0.12 0.9 0.7 0.2 0.2 0.07) . 93)
((0 0.0 0.0 0.42 0.0 0.0 0.0 0.2 0.3 0.5 0.2 0.0 1.0 0.6 0.2 0.12 0.9 0.7 0.2 0.2 0.07) . 7)
86500
((0 0.0 0.0 0.42 0.0 0.0 0.0 0.2 0.7 0.5 0.2 0.0 1.0 0.6 0.2 0.12 0.9 0.7 0.2 0.2 0.07) . 84)
((0 0.0 0.0 0.5 0.0 0.0 0.0 0.2 0.7 0.5 0.2 0.0 1.0 0.6 0.2 0.12 0.9 0.7 0.2 0.2 0.07) . 16)
86400
((0 0.0 0.0 0.42 0.0 0.0 0.0 0.2 0.7 0.5 0.2 0.0 1.0 0.6 0.2 0.12 0.9 0.7 0.2 0.2 0.07) . 85)
((0 0.0 0.0 0.5 0.0 0.0 0.0 0.2 0.7 0.5 0.2 0.0 1.0 0.6 0.2 0.12 0.9 0.7 0.2 0.2 0.07) . 15)
86300
((0 0.0 0.0 0.42 0.0 0.0 0.0 0.2 0.7 0.5 0.2 0.0 1.0 0.6 0.2 0.12 0.9 0.7 0.2 0.2 0.07) . 90)
((0 0.0 0.0 0.5 0.0 0.0 0.0 0.2 0.7 0.5 0.2 0.0 1.0 0.6 0.2 0.12 0.9 0.7 0.2 0.2 0.07) . 10)
86200
((0 0.0 0.0 0.42 0.0 0.0 0.0 0.2 0.7 0.5 0.2 0.0 1.0 0.6 0.2 0.12 0.9 0.7 0.2 0.2 0.07) . 97)
((0 0.0 0.0 0.42 0.0 0.0 0.0 0.2 0.7 0.5 0.2 0.0 1.0 0.6 0.2 0.12 0.5 0.7 0.2 0.2 0.07) . 2)
((0 0.0 0.0 0.42 0.0 0.0 0.0 0.2 0.7 0.5 0.2 0.0 0.5 0.6 0.2 0.12 0.9 0.7 0.2 0.2 0.07) . 1)
86100
((0 0.0 0.0 0.42 0.0 0.0 0.0 0.2 0.7 0.5 0.2 0.0 1.0 0.6 0.2 0.12 0.9 0.7 0.2 0.2 0.07) . 100)
86000
((0 0.0 0.0 0.42 0.0 0.0 0.0 0.2 0.7 0.5 0.2 0.0 1.0 0.6 0.2 0.12 0.9 0.7 0.2 0.2 0.07) . 100)
85900
((0 0.0 0.0 0.42 0.0 0.0 0.0 0.2 0.7 0.5 0.2 0.0 1.0 0.6 0.2 0.12 0.9 0.7 0.2 0.2 0.07) . 100)
85800
((0 0.0 0.0 0.42 0.0 0.0 0.0 0.2 0.7 0.5 0.2 0.0 1.0 0.6 0.2 0.12 0.9 0.7 0.2 0.2 0.07) . 100)
85700
((0 0.0 0.0 0.42 0.0 0.0 0.0 0.2 0.7 0.5 0.2 0.0 1.0 0.6 0.2 0.12 0.9 0.7 0.2 0.2 0.07) . 100)
85600
((0 0.0 0.0 0.42 0.0 0.0 0.0 0.2 0.7 0.5 0.2 0.0 1.0 0.6 0.2 0.12 0.9 0.7 0.2 0.2 0.07) . 98)
((0 0.0 0.0 0.42 0.0 0.0 0.0 0.2 0.7 0.4 0.2 0.0 1.0 0.6 0.2 0.12 0.9 0.7 0.2 0.2 0.07) . 2)
85500
((0 0.0 0.0 0.42 0.0 0.0 0.0 0.2 0.7 0.5 0.2 0.0 1.0 0.6 0.2 0.12 0.9 0.7 0.2 0.2 0.07) . 96)
((0 0.0 0.0 0.42 0.0 0.0 0.0 0.2 0.7 0.4 0.2 0.0 1.0 0.6 0.2 0.12 0.9 0.7 0.2 0.2 0.07) . 4)
85400
((0 0.0 0.0 0.42 0.0 0.0 0.0 0.2 0.7 0.5 0.2 0.0 1.0 0.6 0.2 0.12 0.9 0.7 0.2 0.2 0.07) . 77)
((0 0.0 0.0 0.42 0.0 0.0 0.0 0.2 0.7 0.4 0.2 0.0 1.0 0.6 0.2 0.12 0.9 0.7 0.2 0.2 0.07) . 23)
85300
((0 0.0 0.0 0.42 0.0 0.0 0.0 0.2 0.7 0.5 0.2 0.0 1.0 0.6 0.2 0.12 0.9 0.7 0.2 0.2 0.07) . 100)
85200
((0 0.0 0.0 0.42 0.0 0.0 0.0 0.2 0.7 0.5 0.2 0.0 1.0 0.6 0.2 0.12 0.9 0.7 0.2 0.2 0.07) . 100)
85100
((0 0.0 0.0 0.42 0.0 0.0 0.0 0.2 0.7 0.5 0.2 0.0 1.0 0.6 0.2 0.12 0.9 0.7 0.2 0.2 0.07) . 100)
85000
((0 0.0 0.0 0.42 0.0 0.0 0.0 0.2 0.7 0.5 0.2 0.0 1.0 0.6 0.2 0.12 0.9 0.7 0.2 0.2 0.07) . 100)
84900
((0 0.0 0.0 0.42 0.0 0.0 0.0 0.2 0.7 0.5 0.2 0.0 1.0 0.6 0.2 0.12 0.9 0.7 0.2 0.2 0.07) . 100)
84800
((0 0.0 0.0 0.42 0.0 0.0 0.0 0.2 0.7 0.5 0.2 0.0 1.0 0.6 0.2 0.12 0.9 0.7 0.2 0.2 0.07) . 100)
84700
((0 0.0 0.0 0.42 0.0 0.0 0.0 0.2 0.7 0.5 0.2 0.0 1.0 0.6 0.2 0.12 0.9 0.7 0.2 0.2 0.07) . 97)
((0 0.0 0.0 0.42 0.0 0.0 0.0 0.2 0.7 0.5 0.2 0.0 1.0 0.6 0.2 0.12 0.9 0.7 0.2 0.2 0.5) . 3)
84600
((0 0.0 0.0 0.42 0.0 0.0 0.0 0.2 0.7 0.5 0.2 0.0 1.0 0.6 0.2 0.12 0.9 0.7 0.2 0.2 0.07) . 100)
84500
((0 0.0 0.0 0.42 0.0 0.0 0.0 0.2 0.7 0.5 0.2 0.0 1.0 0.6 0.2 0.12 0.9 0.7 0.2 0.2 0.07) . 100)
84400
((0 0.0 0.0 0.42 0.0 0.0 0.0 0.2 0.7 0.5 0.2 0.0 1.0 0.6 0.2 0.12 0.9 0.7 0.2 0.2 0.07) . 100)
84300
((0 0.0 0.0 0.42 0.0 0.0 0.0 0.2 0.7 0.5 0.2 0.0 1.0 0.6 0.2 0.12 0.9 0.7 0.2 0.2 0.07) . 100)
84200
((0 0.0 0.0 0.42 0.0 0.0 0.0 0.2 0.7 0.5 0.2 0.0 1.0 0.6 0.2 0.12 0.9 0.7 0.2 0.2 0.07) . 100)
84100
((0 0.0 0.0 0.42 0.0 0.0 0.0 0.2 0.7 0.5 0.2 0.0 1.0 0.6 0.2 0.12 0.9 0.7 0.2 0.2 0.07) . 87)
((0 0.0 1.0 0.42 0.0 0.0 0.0 0.2 0.7 0.5 0.2 0.0 1.0 0.6 0.2 0.12 0.9 0.7 0.2 0.2 0.07) . 13)
84000
((0 0.0 0.0 0.42 0.0 0.0 0.0 0.2 0.7 0.5 0.2 0.0 1.0 0.6 0.2 0.12 0.9 0.7 0.2 0.2 0.07) . 59)
((0 0.0 1.0 0.42 0.0 0.0 0.0 0.2 0.7 0.5 0.2 0.0 1.0 0.6 0.2 0.12 0.9 0.7 0.2 0.2 0.07) . 25)
((0 0.0 0.0 1.0 0.0 0.0 0.0 0.2 0.7 0.5 0.2 0.0 1.0 0.6 0.2 0.12 0.9 0.7 0.2 0.2 0.07) . 16)
83900
((0 0.0 1.0 0.42 0.0 0.0 0.0 0.2 0.7 0.5 0.2 0.0 1.0 0.6 0.2 0.12 0.9 0.7 0.2 0.2 0.07) . 46)
((0 0.0 0.0 0.42 0.0 0.0 0.0 0.2 0.7 0.5 0.2 0.0 1.0 0.6 0.2 0.12 0.9 0.7 0.2 0.2 0.07) . 43)
((0 0.0 0.0 1.0 0.0 0.0 0.0 0.2 0.7 0.5 0.2 0.0 1.0 0.6 0.2 0.12 0.9 0.7 0.2 0.2 0.07) . 11)
83800
((0 0.0 1.0 0.42 0.0 0.0 0.0 0.2 0.7 0.5 0.2 0.0 1.0 0.6 0.2 0.12 0.9 0.7 0.2 0.2 0.07) . 77)
((0 0.0 0.0 0.42 0.0 0.0 0.0 0.2 0.7 0.5 0.2 0.0 1.0 0.6 0.2 0.12 0.9 0.7 0.2 0.2 0.07) . 23)
83700
((0 0.0 1.0 0.42 0.0 0.0 0.0 0.2 0.7 0.5 0.2 0.0 1.0 0.6 0.2 0.12 0.9 0.7 0.2 0.2 0.07) . 82)
((0 0.0 0.0 0.42 0.0 0.0 0.0 0.2 0.7 0.5 0.2 0.0 1.0 0.6 0.2 0.12 0.9 0.7 0.2 0.2 0.07) . 18)
83600
((0 0.0 1.0 0.42 0.0 0.0 0.0 0.2 0.7 0.5 0.2 0.0 1.0 0.6 0.2 0.12 0.9 0.7 0.2 0.2 0.07) . 100)
83500
((0 0.0 1.0 0.42 0.0 0.0 0.0 0.2 0.7 0.5 0.2 0.0 1.0 0.6 0.2 0.12 0.9 0.7 0.2 0.2 0.07) . 100)
83400
((0 0.0 1.0 0.42 0.0 0.0 0.0 0.2 0.7 0.5 0.2 0.0 1.0 0.6 0.2 0.12 0.9 0.7 0.2 0.2 0.07) . 100)
83300
((0 0.0 1.0 0.42 0.0 0.0 0.0 0.2 0.7 0.5 0.2 0.0 1.0 0.6 0.2 0.12 0.9 0.7 0.2 0.2 0.07) . 100)
83200
((0 0.0 1.0 0.42 0.0 0.0 0.0 0.2 0.7 0.5 0.2 0.0 1.0 0.6 0.2 0.12 0.9 0.7 0.2 0.2 0.07) . 100)
83100
((0 0.0 1.0 0.42 0.0 0.0 0.0 0.2 0.7 0.5 0.2 0.0 1.0 0.6 0.2 0.12 0.9 0.7 0.2 0.2 0.07) . 100)
83000
((0 0.0 1.0 0.42 0.0 0.0 0.0 0.2 0.7 0.5 0.2 0.0 1.0 0.6 0.2 0.12 0.9 0.7 0.2 0.2 0.07) . 100)
82900
((0 0.0 1.0 0.42 0.0 0.0 0.0 0.2 0.7 0.5 0.2 0.0 1.0 0.6 0.2 0.12 0.9 0.7 0.2 0.2 0.07) . 100)
82800
((0 0.0 1.0 0.42 0.0 0.0 0.0 0.2 0.7 0.5 0.2 0.0 1.0 0.6 0.2 0.12 0.9 0.7 0.2 0.2 0.07) . 100)
82700
((0 0.0 1.0 0.42 0.0 0.0 0.0 0.2 0.7 0.5 0.2 0.0 1.0 0.6 0.2 0.12 0.9 0.7 0.2 0.2 0.07) . 99)
((0 0.0 1.0 0.42 0.0 0.0 0.0 0.2 0.7 0.5 0.2 0.0 1.0 0.6 0.1 0.12 0.9 0.7 0.2 0.2 0.07) . 1)
82600
((0 0.0 1.0 0.42 0.0 0.0 0.0 0.2 0.7 0.5 0.2 0.0 1.0 0.6 0.2 0.12 0.9 0.7 0.2 0.2 0.07) . 100)
82500
((0 0.0 1.0 0.42 0.0 0.0 0.0 0.2 0.7 0.5 0.2 0.0 1.0 0.6 0.2 0.12 0.9 0.7 0.2 0.2 0.07) . 100)
82400
((0 0.0 1.0 0.42 0.0 0.0 0.0 0.2 0.7 0.5 0.2 0.0 1.0 0.6 0.2 0.12 0.9 0.7 0.2 0.2 0.07) . 100)
82300
((0 0.0 1.0 0.42 0.0 0.0 0.0 0.2 0.7 0.5 0.2 0.0 1.0 0.6 0.2 0.12 0.9 0.7 0.2 0.2 0.07) . 100)
82200
((0 0.0 1.0 0.42 0.0 0.0 0.0 0.2 0.7 0.5 0.2 0.0 1.0 0.6 0.2 0.12 0.9 0.7 0.2 0.2 0.07) . 98)
((0 0.0 1.0 0.42 0.0 0.0 0.0 0.2 0.7 0.5 0.2 0.0 1.0 0.4 0.2 0.12 0.9 0.7 0.2 0.2 0.07) . 2)
82100
((0 0.0 1.0 0.42 0.0 0.0 0.0 0.2 0.7 0.5 0.2 0.0 1.0 0.6 0.2 0.12 0.9 0.7 0.2 0.2 0.07) . 100)
82000
((0 0.0 1.0 0.42 0.0 0.0 0.0 0.2 0.7 0.5 0.2 0.0 1.0 0.6 0.2 0.12 0.9 0.7 0.2 0.2 0.07) . 76)
((0 0.0 1.0 0.42 0.0 0.0 0.0 0.2 0.7 0.5 0.2 0.0 1.0 0.6 0.2 0.1 0.9 0.7 0.2 0.2 0.07) . 24)
81900
((0 0.0 1.0 0.42 0.0 0.0 0.0 0.2 0.7 0.5 0.2 0.0 1.0 0.6 0.2 0.12 0.9 0.7 0.2 0.2 0.07) . 100)
81800
((0 0.0 1.0 0.42 0.0 0.0 0.0 0.2 0.7 0.5 0.2 0.0 1.0 0.6 0.2 0.12 0.9 0.7 0.2 0.2 0.07) . 100)
81700
((0 0.0 1.0 0.42 0.0 0.0 0.0 0.2 0.7 0.5 0.2 0.0 1.0 0.6 0.2 0.12 0.9 0.7 0.2 0.2 0.07) . 100)
81600
((0 0.0 1.0 0.42 0.0 0.0 0.0 0.2 0.7 0.5 0.2 0.0 1.0 0.6 0.2 0.12 0.9 0.7 0.2 0.2 0.07) . 100)
81500
((0 0.0 1.0 0.42 0.0 0.0 0.0 0.2 0.7 0.5 0.2 0.0 1.0 0.6 0.2 0.12 0.9 0.7 0.2 0.2 0.07) . 100)
81400
((0 0.0 1.0 0.42 0.0 0.0 0.0 0.2 0.7 0.5 0.2 0.0 1.0 0.6 0.2 0.12 0.9 0.7 0.2 0.2 0.07) . 100)
81300
((0 0.0 1.0 0.42 0.0 0.0 0.0 0.2 0.7 0.5 0.2 0.0 1.0 0.6 0.2 0.12 0.9 0.7 0.2 0.2 0.07) . 89)
((0 0.0 1.0 0.2 0.0 0.0 0.0 0.2 0.7 0.5 0.2 0.0 1.0 0.6 0.2 0.12 0.9 0.7 0.2 0.2 0.07) . 11)
81200
((0 0.0 1.0 0.42 0.0 0.0 0.0 0.2 0.7 0.5 0.2 0.0 1.0 0.6 0.2 0.12 0.9 0.7 0.2 0.2 0.07) . 94)
((0 0.0 1.0 0.42 0.0 0.0 0.0 0.2 0.7 0.5 0.2 0.0 1.0 0.6 0.2 0.1 0.9 0.7 0.2 0.2 0.07) . 6)
81100
((0 0.0 1.0 0.42 0.0 0.0 0.0 0.2 0.7 0.5 0.2 0.0 1.0 0.6 0.2 0.12 0.9 0.7 0.2 0.2 0.07) . 100)
81000
((0 0.0 1.0 0.42 0.0 0.0 0.0 0.2 0.7 0.5 0.2 0.0 1.0 0.6 0.2 0.12 0.9 0.7 0.2 0.2 0.07) . 100)
80900
((0 0.0 1.0 0.42 0.0 0.0 0.0 0.2 0.7 0.5 0.2 0.0 1.0 0.6 0.2 0.12 0.9 0.7 0.2 0.2 0.07) . 97)
((0 0.0 1.0 0.7 0.0 0.0 0.0 0.2 0.7 0.5 0.2 0.0 1.0 0.6 0.2 0.12 0.9 0.7 0.2 0.2 0.07) . 3)
80800
((0 0.0 1.0 0.42 0.0 0.0 0.0 0.2 0.7 0.5 0.2 0.0 1.0 0.6 0.2 0.12 0.9 0.7 0.2 0.2 0.07) . 100)
80700
((0 0.0 1.0 0.42 0.0 0.0 0.0 0.2 0.7 0.5 0.2 0.0 1.0 0.6 0.2 0.12 0.9 0.7 0.2 0.2 0.07) . 87)
((0 0.0 1.0 0.42 0.0 0.0 0.0 0.2 0.7 0.5 0.2 0.0 1.0 0.6 0.2 0.1 0.9 0.7 0.2 0.2 0.07) . 13)
80600
((0 0.0 1.0 0.42 0.0 0.0 0.0 0.2 0.7 0.5 0.2 0.0 1.0 0.6 0.2 0.12 0.9 0.7 0.2 0.2 0.07) . 78)
((0 0.0 1.0 0.42 0.0 0.0 0.0 0.2 0.7 0.5 0.2 0.0 1.0 0.6 0.2 0.1 0.9 0.7 0.2 0.2 0.07) . 22)
80500
((0 0.0 1.0 0.42 0.0 0.0 0.0 0.2 0.7 0.5 0.2 0.0 1.0 0.6 0.2 0.12 0.9 0.7 0.2 0.2 0.07) . 89)
((0 0.0 1.0 0.42 0.0 0.0 0.0 0.2 0.7 0.5 0.2 0.0 1.0 0.6 0.2 0.12 0.2 0.7 0.2 0.2 0.07) . 9)
((0 0.0 1.0 0.42 0.0 0.0 0.0 0.2 0.7 0.5 0.2 0.0 1.0 0.6 0.2 0.1 0.9 0.7 0.2 0.2 0.07) . 2)
80400
((0 0.0 1.0 0.42 0.0 0.0 0.0 0.2 0.7 0.5 0.2 0.0 1.0 0.6 0.2 0.12 0.9 0.7 0.2 0.2 0.07) . 78)
((0 0.0 1.0 0.42 0.0 0.0 0.0 0.2 0.7 0.5 0.2 0.0 1.0 0.6 0.2 0.1 0.9 0.7 0.2 0.2 0.07) . 22)
80300
((0 0.0 1.0 0.42 0.0 0.0 0.0 0.2 0.7 0.5 0.2 0.0 1.0 0.6 0.2 0.12 0.9 0.7 0.2 0.2 0.07) . 99)
((0 0.0 1.0 0.42 0.0 0.0 0.0 0.2 0.7 0.5 0.2 0.0 1.0 0.6 0.2 0.1 0.9 0.7 0.2 0.2 0.07) . 1)
80200
((0 0.0 1.0 0.42 0.0 0.0 0.0 0.2 0.7 0.5 0.2 0.0 1.0 0.6 0.2 0.12 0.9 0.7 0.2 0.2 0.07) . 99)
((0 0.0 1.0 0.42 0.0 0.0 0.0 0.2 0.6 0.5 0.2 0.0 1.0 0.6 0.2 0.12 0.9 0.7 0.2 0.2 0.07) . 1)
80100
((0 0.0 1.0 0.42 0.0 0.0 0.0 0.2 0.7 0.5 0.2 0.0 1.0 0.6 0.2 0.12 0.9 0.7 0.2 0.2 0.07) . 100)
80000
((0 0.0 1.0 0.42 0.0 0.0 0.0 0.2 0.7 0.5 0.2 0.0 1.0 0.6 0.2 0.12 0.9 0.7 0.2 0.2 0.07) . 99)
((0 0.0 1.0 0.42 0.0 0.0 0.0 0.2 0.6 0.5 0.2 0.0 1.0 0.6 0.2 0.12 0.9 0.7 0.2 0.2 0.07) . 1)
79900
((0 0.0 1.0 0.42 0.0 0.0 0.0 0.2 0.7 0.5 0.2 0.0 1.0 0.6 0.2 0.12 0.9 0.7 0.2 0.2 0.07) . 100)
79800
((0 0.0 1.0 0.42 0.0 0.0 0.0 0.2 0.7 0.5 0.2 0.0 1.0 0.6 0.2 0.12 0.9 0.7 0.2 0.2 0.07) . 83)
((0 0.0 1.0 0.42 0.0 0.0 0.0 0.0 0.7 0.5 0.2 0.0 1.0 0.6 0.2 0.12 0.9 0.7 0.2 0.2 0.07) . 17)
79700
((0 0.0 1.0 0.42 0.0 0.0 0.0 0.2 0.7 0.5 0.2 0.0 1.0 0.6 0.2 0.12 0.9 0.7 0.2 0.2 0.07) . 100)
79600
((0 0.0 1.0 0.42 0.0 0.0 0.0 0.2 0.7 0.5 0.2 0.0 1.0 0.6 0.2 0.12 0.9 0.7 0.2 0.2 0.07) . 99)
((0 0.0 1.0 0.42 0.0 0.0 0.0 0.2 0.7 0.5 0.2 0.0 1.0 0.6 0.2 0.12 0.5 0.7 0.2 0.2 0.07) . 1)
79500
((0 0.0 1.0 0.42 0.0 0.0 0.0 0.2 0.7 0.5 0.2 0.0 1.0 0.6 0.2 0.12 0.9 0.7 0.2 0.2 0.07) . 100)
79400
((0 0.0 1.0 0.42 0.0 0.0 0.0 0.2 0.7 0.5 0.2 0.0 1.0 0.6 0.2 0.12 0.9 0.7 0.2 0.2 0.07) . 99)
((0 0.0 1.0 0.42 0.0 0.0 0.0 0.2 0.7 0.5 0.2 0.0 1.0 0.7 0.2 0.12 0.9 0.7 0.2 0.2 0.07) . 1)
79300
((0 0.0 1.0 0.42 0.0 0.0 0.0 0.2 0.7 0.5 0.2 0.0 1.0 0.6 0.2 0.12 0.9 0.7 0.2 0.2 0.07) . 76)
((0 0.0 1.0 0.42 0.0 0.0 0.0 0.2 0.7 0.5 0.2 0.0 1.0 0.7 0.2 0.12 0.9 0.7 0.2 0.2 0.07) . 24)
79200
((0 0.0 1.0 0.42 0.0 0.0 0.0 0.2 0.7 0.5 0.2 0.0 1.0 0.6 0.2 0.12 0.9 0.7 0.2 0.2 0.07) . 96)
((0 0.0 1.0 0.42 0.0 0.0 0.0 0.2 0.7 0.5 0.2 0.0 1.0 0.7 0.2 0.12 0.9 0.7 0.2 0.2 0.07) . 3)
((0 0.0 1.0 0.42 0.0 0.0 0.0 0.2 0.7 0.5 0.2 0.0 1.0 0.6 0.2 0.12 0.9 0.1 0.2 0.2 0.07) . 1)
79100
((0 0.0 1.0 0.42 0.0 0.0 0.0 0.2 0.7 0.5 0.2 0.0 1.0 0.6 0.2 0.12 0.9 0.7 0.2 0.2 0.07) . 100)
79000
((0 0.0 1.0 0.42 0.0 0.0 0.0 0.2 0.7 0.5 0.2 0.0 1.0 0.6 0.2 0.12 0.9 0.7 0.2 0.2 0.07) . 95)
((0 0.0 0.6 0.42 0.0 0.0 0.0 0.2 0.7 0.5 0.2 0.0 1.0 0.6 0.2 0.12 0.9 0.7 0.2 0.2 0.07) . 5)
78900
((0 0.0 1.0 0.42 0.0 0.0 0.0 0.2 0.7 0.5 0.2 0.0 1.0 0.6 0.2 0.12 0.9 0.7 0.2 0.2 0.07) . 92)
((0 0.0 1.0 0.2 0.0 0.0 0.0 0.2 0.7 0.5 0.2 0.0 1.0 0.6 0.2 0.12 0.9 0.7 0.2 0.2 0.07) . 8)
78800
((0 0.0 1.0 0.42 0.0 0.0 0.0 0.2 0.7 0.5 0.2 0.0 1.0 0.6 0.2 0.12 0.9 0.7 0.2 0.2 0.07) . 93)
((0 0.0 1.0 0.2 0.0 0.0 0.0 0.2 0.7 0.5 0.2 0.0 1.0 0.6 0.2 0.12 0.9 0.7 0.2 0.2 0.07) . 7)
78700
((0 0.0 1.0 0.42 0.0 0.0 0.0 0.2 0.7 0.5 0.2 0.0 1.0 0.6 0.2 0.12 0.9 0.7 0.2 0.2 0.07) . 97)
((0 0.0 1.0 0.2 0.0 0.0 0.0 0.2 0.7 0.5 0.2 0.0 1.0 0.6 0.2 0.12 0.9 0.7 0.2 0.2 0.07) . 2)
((0 0.0 1.0 0.42 0.0 0.0 0.5 0.2 0.7 0.5 0.2 0.0 1.0 0.6 0.2 0.12 0.9 0.7 0.2 0.2 0.07) . 1)
78600
((0 0.0 1.0 0.42 0.0 0.0 0.0 0.2 0.7 0.5 0.2 0.0 1.0 0.6 0.2 0.12 0.9 0.7 0.2 0.2 0.07) . 82)
((0 0.0 1.0 0.42 0.0 0.0 0.5 0.2 0.7 0.5 0.2 0.0 1.0 0.6 0.2 0.12 0.9 0.7 0.2 0.2 0.07) . 12)
((0 0.0 1.0 0.2 0.0 0.0 0.0 0.2 0.7 0.5 0.2 0.0 1.0 0.6 0.2 0.12 0.9 0.7 0.2 0.2 0.07) . 6)
78500
((0 0.0 1.0 0.42 0.0 0.0 0.0 0.2 0.7 0.5 0.2 0.0 1.0 0.6 0.2 0.12 0.9 0.7 0.2 0.2 0.07) . 44)
((0 0.0 1.0 0.2 0.0 0.0 0.0 0.2 0.7 0.5 0.2 0.0 1.0 0.6 0.2 0.12 0.9 0.7 0.2 0.2 0.07) . 41)
((0 0.0 1.0 0.42 0.0 0.0 0.5 0.2 0.7 0.5 0.2 0.0 1.0 0.6 0.2 0.12 0.9 0.7 0.2 0.2 0.07) . 15)
78400
((0 0.0 1.0 0.42 0.0 0.0 0.5 0.2 0.7 0.5 0.2 0.0 1.0 0.6 0.2 0.12 0.9 0.7 0.2 0.2 0.07) . 43)
((0 0.0 1.0 0.42 0.0 0.0 0.0 0.2 0.7 0.5 0.2 0.0 1.0 0.6 0.2 0.12 0.9 0.7 0.2 0.2 0.07) . 38)
((0 0.0 1.0 0.2 0.0 0.0 0.0 0.2 0.7 0.5 0.2 0.0 1.0 0.6 0.2 0.12 0.9 0.7 0.2 0.2 0.07) . 19)
78300
((0 0.0 1.0 0.42 0.0 0.0 0.5 0.2 0.7 0.5 0.2 0.0 1.0 0.6 0.2 0.12 0.9 0.7 0.2 0.2 0.07) . 76)
((0 0.0 1.0 0.42 0.0 0.0 0.0 0.2 0.7 0.5 0.2 0.0 1.0 0.6 0.2 0.12 0.9 0.7 0.2 0.2 0.07) . 20)
((0 0.0 1.0 0.42 0.6 0.0 0.5 0.2 0.7 0.5 0.2 0.0 1.0 0.6 0.2 0.12 0.9 0.7 0.2 0.2 0.07) . 4)
78200
((0 0.0 1.0 0.42 0.0 0.0 0.0 0.2 0.7 0.5 0.2 0.0 1.0 0.6 0.2 0.12 0.9 0.7 0.2 0.2 0.07) . 51)
((0 0.0 1.0 0.42 0.0 0.0 0.5 0.2 0.7 0.5 0.2 0.0 1.0 0.6 0.2 0.12 0.9 0.7 0.2 0.2 0.07) . 48)
((0 0.0 1.0 0.42 0.6 0.0 0.5 0.2 0.7 0.5 0.2 0.0 1.0 0.6 0.2 0.12 0.9 0.7 0.2 0.2 0.07) . 1)
78100
((0 0.0 1.0 0.42 0.0 0.0 0.0 0.2 0.7 0.5 0.2 0.0 1.0 0.6 0.2 0.12 0.9 0.7 0.2 0.2 0.07) . 70)
((0 0.0 1.0 0.42 0.0 0.0 0.5 0.2 0.7 0.5 0.2 0.0 1.0 0.6 0.2 0.12 0.9 0.7 0.2 0.2 0.07) . 30)
78000
((0 0.0 1.0 0.42 0.0 0.0 0.0 0.2 0.7 0.5 0.2 0.0 1.0 0.6 0.2 0.12 0.9 0.7 0.2 0.2 0.07) . 55)
((0 0.0 1.0 0.42 0.0 0.0 0.5 0.2 0.7 0.5 0.2 0.0 1.0 0.6 0.2 0.12 0.9 0.7 0.2 0.2 0.07) . 43)
((0 0.0 1.0 0.42 0.0 0.0 0.5 0.2 0.7 0.5 0.2 0.0 1.0 0.6 0.2 0.12 0.9 0.7 0.2 0.2 0.1) . 2)
77900
((0 0.0 1.0 0.42 0.0 0.0 0.0 0.2 0.7 0.5 0.2 0.0 1.0 0.6 0.2 0.12 0.9 0.7 0.2 0.2 0.07) . 73)
((0 0.0 1.0 0.42 0.0 0.0 0.5 0.2 0.7 0.5 0.2 0.0 1.0 0.6 0.2 0.12 0.9 0.7 0.2 0.2 0.07) . 27)
77800
((0 0.0 1.0 0.42 0.0 0.0 0.0 0.2 0.7 0.5 0.2 0.0 1.0 0.6 0.2 0.12 0.9 0.7 0.2 0.2 0.07) . 95)
((0 0.0 1.0 0.42 0.0 0.0 0.5 0.2 0.7 0.5 0.2 0.0 1.0 0.6 0.2 0.12 0.9 0.7 0.2 0.2 0.07) . 5)
77700
((0 0.0 1.0 0.42 0.0 0.0 0.0 0.2 0.7 0.5 0.2 0.0 1.0 0.6 0.2 0.12 0.9 0.7 0.2 0.2 0.07) . 100)
77600
((0 0.0 1.0 0.42 0.0 0.0 0.0 0.2 0.7 0.5 0.2 0.0 1.0 0.6 0.2 0.12 0.9 0.7 0.2 0.2 0.07) . 100)
77500
((0 0.0 1.0 0.42 0.0 0.0 0.0 0.2 0.7 0.5 0.2 0.0 1.0 0.6 0.2 0.12 0.9 0.7 0.2 0.2 0.07) . 100)
77400
((0 0.0 1.0 0.42 0.0 0.0 0.0 0.2 0.7 0.5 0.2 0.0 1.0 0.6 0.2 0.12 0.9 0.7 0.2 0.2 0.07) . 100)
77300
((0 0.0 1.0 0.42 0.0 0.0 0.0 0.2 0.7 0.5 0.2 0.0 1.0 0.6 0.2 0.12 0.9 0.7 0.2 0.2 0.07) . 100)
77200
((0 0.0 1.0 0.42 0.0 0.0 0.0 0.2 0.7 0.5 0.2 0.0 1.0 0.6 0.2 0.12 0.9 0.7 0.2 0.2 0.07) . 100)
77100
((0 0.0 1.0 0.42 0.0 0.0 0.0 0.2 0.7 0.5 0.2 0.0 1.0 0.6 0.2 0.12 0.9 0.7 0.2 0.2 0.07) . 98)
((0 0.0 0.4 0.42 0.0 0.0 0.0 0.2 0.7 0.5 0.2 0.0 1.0 0.6 0.2 0.12 0.9 0.7 0.2 0.2 0.07) . 2)
77000
((0 0.0 1.0 0.42 0.0 0.0 0.0 0.2 0.7 0.5 0.2 0.0 1.0 0.6 0.2 0.12 0.9 0.7 0.2 0.2 0.07) . 99)
((0 0.0 1.0 0.42 0.0 0.0 0.0 0.2 0.7 0.5 0.2 0.0 1.0 0.5 0.2 0.12 0.9 0.7 0.2 0.2 0.07) . 1)
76900
((0 0.0 1.0 0.42 0.0 0.0 0.0 0.2 0.7 0.5 0.2 0.0 1.0 0.6 0.2 0.12 0.9 0.7 0.2 0.2 0.07) . 100)
76800
((0 0.0 1.0 0.42 0.0 0.0 0.0 0.2 0.7 0.5 0.2 0.0 1.0 0.6 0.2 0.12 0.9 0.7 0.2 0.2 0.07) . 100)
76700
((0 0.0 1.0 0.42 0.0 0.0 0.0 0.2 0.7 0.5 0.2 0.0 1.0 0.6 0.2 0.12 0.9 0.7 0.2 0.2 0.07) . 100)
76600
((0 0.0 1.0 0.42 0.0 0.0 0.0 0.2 0.7 0.5 0.2 0.0 1.0 0.6 0.2 0.12 0.9 0.7 0.2 0.2 0.07) . 100)
76500
((0 0.0 1.0 0.42 0.0 0.0 0.0 0.2 0.7 0.5 0.2 0.0 1.0 0.6 0.2 0.12 0.9 0.7 0.2 0.2 0.07) . 100)
76400
((0 0.0 1.0 0.42 0.0 0.0 0.0 0.2 0.7 0.5 0.2 0.0 1.0 0.6 0.2 0.12 0.9 0.7 0.2 0.2 0.07) . 95)
((0 0.0 1.0 0.42 0.0 0.0 0.0 0.2 0.7 0.5 0.2 0.0 1.0 0.6 0.2 0.12 0.9 0.1 0.2 0.2 0.07) . 5)
76300
((0 0.0 1.0 0.42 0.0 0.0 0.0 0.2 0.7 0.5 0.2 0.0 1.0 0.6 0.2 0.12 0.9 0.7 0.2 0.2 0.07) . 98)
((0 0.0 1.0 0.42 0.0 0.0 0.0 0.2 0.3 0.5 0.2 0.0 1.0 0.6 0.2 0.12 0.9 0.7 0.2 0.2 0.07) . 2)
76200
((0 0.0 1.0 0.42 0.0 0.0 0.0 0.2 0.7 0.5 0.2 0.0 1.0 0.6 0.2 0.12 0.9 0.7 0.2 0.2 0.07) . 99)
((0 0.0 1.0 0.42 0.0 0.0 0.0 0.2 0.7 0.0 0.2 0.0 1.0 0.6 0.2 0.12 0.9 0.7 0.2 0.2 0.07) . 1)
76100
((0 0.0 1.0 0.42 0.0 0.0 0.0 0.2 0.7 0.5 0.2 0.0 1.0 0.6 0.2 0.12 0.9 0.7 0.2 0.2 0.07) . 100)
76000
((0 0.0 1.0 0.42 0.0 0.0 0.0 0.2 0.7 0.5 0.2 0.0 1.0 0.6 0.2 0.12 0.9 0.7 0.2 0.2 0.07) . 100)
75900
((0 0.0 1.0 0.42 0.0 0.0 0.0 0.2 0.7 0.5 0.2 0.0 1.0 0.6 0.2 0.12 0.9 0.7 0.2 0.2 0.07) . 98)
((0 0.0 1.0 0.42 0.0 0.0 0.0 0.2 0.7 0.5 0.2 0.0 1.0 0.2 0.2 0.12 0.9 0.7 0.2 0.2 0.07) . 1)
((0 0.0 1.0 0.42 0.1 0.0 0.0 0.2 0.7 0.5 0.2 0.0 1.0 0.6 0.2 0.12 0.9 0.7 0.2 0.2 0.07) . 1)
75800
((0 0.0 1.0 0.42 0.0 0.0 0.0 0.2 0.7 0.5 0.2 0.0 1.0 0.6 0.2 0.12 0.9 0.7 0.2 0.2 0.07) . 100)
75700
((0 0.0 1.0 0.42 0.0 0.0 0.0 0.2 0.7 0.5 0.2 0.0 1.0 0.6 0.2 0.12 0.9 0.7 0.2 0.2 0.07) . 100)
75600
((0 0.0 1.0 0.42 0.0 0.0 0.0 0.2 0.7 0.5 0.2 0.0 1.0 0.6 0.2 0.12 0.9 0.7 0.2 0.2 0.07) . 89)
((0 0.0 1.0 0.42 0.0 0.0 0.0 0.2 0.7 0.1 0.2 0.0 1.0 0.6 0.2 0.12 0.9 0.7 0.2 0.2 0.07) . 11)
75500
((0 0.0 1.0 0.42 0.0 0.0 0.0 0.2 0.7 0.5 0.2 0.0 1.0 0.6 0.2 0.12 0.9 0.7 0.2 0.2 0.07) . 92)
((0 0.0 1.0 0.42 0.0 0.0 0.0 0.2 0.7 0.1 0.2 0.0 1.0 0.6 0.2 0.12 0.9 0.7 0.2 0.2 0.07) . 8)
75400
((0 0.0 1.0 0.42 0.0 0.0 0.0 0.2 0.7 0.5 0.2 0.0 1.0 0.6 0.2 0.12 0.9 0.7 0.2 0.2 0.07) . 100)
75300
((0 0.0 1.0 0.42 0.0 0.0 0.0 0.2 0.7 0.5 0.2 0.0 1.0 0.6 0.2 0.12 0.9 0.7 0.2 0.2 0.07) . 73)
((0 0.0 1.0 0.42 0.0 0.0 0.0 0.2 0.7 0.5 0.2 0.0 1.0 0.6 0.2 0.12 0.9 0.7 0.2 0.2 0.3) . 27)
75200
((0 0.0 1.0 0.42 0.0 0.0 0.0 0.2 0.7 0.5 0.2 0.0 1.0 0.6 0.2 0.12 0.9 0.7 0.2 0.2 0.07) . 100)
75100
((0 0.0 1.0 0.42 0.0 0.0 0.0 0.2 0.7 0.5 0.2 0.0 1.0 0.6 0.2 0.12 0.9 0.7 0.2 0.2 0.07) . 100)
75000
((0 0.0 1.0 0.42 0.0 0.0 0.0 0.2 0.7 0.5 0.2 0.0 1.0 0.6 0.2 0.12 0.9 0.7 0.2 0.2 0.07) . 100)
74900
((0 0.0 1.0 0.42 0.0 0.0 0.0 0.2 0.7 0.5 0.2 0.0 1.0 0.6 0.2 0.12 0.9 0.7 0.2 0.2 0.07) . 100)
74800
((0 0.0 1.0 0.42 0.0 0.0 0.0 0.2 0.7 0.5 0.2 0.0 1.0 0.6 0.2 0.12 0.9 0.7 0.2 0.2 0.07) . 100)
74700
((0 0.0 1.0 0.42 0.0 0.0 0.0 0.2 0.7 0.5 0.2 0.0 1.0 0.6 0.2 0.12 0.9 0.7 0.2 0.2 0.07) . 100)
74600
((0 0.0 1.0 0.42 0.0 0.0 0.0 0.2 0.7 0.5 0.2 0.0 1.0 0.6 0.2 0.12 0.9 0.7 0.2 0.2 0.07) . 93)
((0 0.0 1.0 0.42 0.0 0.0 0.0 0.2 0.7 0.5 0.2 0.0 1.0 0.6 0.2 0.12 0.9 0.7 0.2 0.0 0.07) . 5)
((0 0.0 1.0 0.42 0.0 0.0 0.0 0.2 0.1 0.5 0.2 0.0 1.0 0.6 0.2 0.12 0.9 0.7 0.2 0.2 0.07) . 2)
74500
((0 0.0 1.0 0.42 0.0 0.0 0.0 0.2 0.7 0.5 0.2 0.0 1.0 0.6 0.2 0.12 0.9 0.7 0.2 0.2 0.07) . 66)
((0 0.0 1.0 0.42 0.0 0.0 0.0 0.2 0.7 0.5 0.2 0.0 1.0 0.6 0.2 0.12 0.9 0.7 0.2 0.0 0.07) . 17)
((0 0.0 1.0 0.42 0.0 0.0 0.0 0.2 0.1 0.5 0.2 0.0 1.0 0.6 0.2 0.12 0.9 0.7 0.2 0.2 0.07) . 15)
((0 0.0 1.0 0.0 0.0 0.0 0.0 0.2 0.7 0.5 0.2 0.0 1.0 0.6 0.2 0.12 0.9 0.7 0.2 0.2 0.07) . 2)
74400
((0 0.0 1.0 0.42 0.0 0.0 0.0 0.2 0.7 0.5 0.2 0.0 1.0 0.6 0.2 0.12 0.9 0.7 0.2 0.2 0.07) . 97)
((0 0.0 1.0 0.42 0.0 0.0 0.0 0.2 0.7 0.5 0.2 0.0 1.0 0.6 0.2 0.12 0.9 0.7 0.2 0.0 0.07) . 2)
((0 0.0 1.0 0.42 0.0 0.0 0.0 0.2 0.1 0.5 0.2 0.0 1.0 0.6 0.2 0.12 0.9 0.7 0.2 0.2 0.07) . 1)
74300
((0 0.0 1.0 0.42 0.0 0.0 0.0 0.2 0.7 0.5 0.2 0.0 1.0 0.6 0.2 0.12 0.9 0.7 0.2 0.2 0.07) . 93)
((0 0.0 1.0 0.42 0.2 0.0 0.0 0.2 0.7 0.5 0.2 0.0 1.0 0.6 0.2 0.12 0.9 0.7 0.2 0.2 0.07) . 7)
74200
((0 0.0 1.0 0.42 0.0 0.0 0.0 0.2 0.7 0.5 0.2 0.0 1.0 0.6 0.2 0.12 0.9 0.7 0.2 0.2 0.07) . 100)
74100
((0 0.0 1.0 0.42 0.0 0.0 0.0 0.2 0.7 0.5 0.2 0.0 1.0 0.6 0.2 0.12 0.9 0.7 0.2 0.2 0.07) . 100)
74000
((0 0.0 1.0 0.42 0.0 0.0 0.0 0.2 0.7 0.5 0.2 0.0 1.0 0.6 0.2 0.12 0.9 0.7 0.2 0.2 0.07) . 100)
73900
((0 0.0 1.0 0.42 0.0 0.0 0.0 0.2 0.7 0.5 0.2 0.0 1.0 0.6 0.2 0.12 0.9 0.7 0.2 0.2 0.07) . 100)
73800
((0 0.0 1.0 0.42 0.0 0.0 0.0 0.2 0.7 0.5 0.2 0.0 1.0 0.6 0.2 0.12 0.9 0.7 0.2 0.2 0.07) . 100)
73700
((0 0.0 1.0 0.42 0.0 0.0 0.0 0.2 0.7 0.5 0.2 0.0 1.0 0.6 0.2 0.12 0.9 0.7 0.2 0.2 0.07) . 84)
((0 0.0 1.0 0.42 0.0 0.0 0.0 0.2 0.7 0.5 0.4 0.0 1.0 0.6 0.2 0.12 0.9 0.7 0.2 0.2 0.07) . 16)
73600
((0 0.0 1.0 0.42 0.0 0.0 0.0 0.2 0.7 0.5 0.2 0.0 1.0 0.6 0.2 0.12 0.9 0.7 0.2 0.2 0.07) . 100)
73500
((0 0.0 1.0 0.42 0.0 0.0 0.0 0.2 0.7 0.5 0.2 0.0 1.0 0.6 0.2 0.12 0.9 0.7 0.2 0.2 0.07) . 100)
73400
((0 0.0 1.0 0.42 0.0 0.0 0.0 0.2 0.7 0.5 0.2 0.0 1.0 0.6 0.2 0.12 0.9 0.7 0.2 0.2 0.07) . 100)
73300
((0 0.0 1.0 0.42 0.0 0.0 0.0 0.2 0.7 0.5 0.2 0.0 1.0 0.6 0.2 0.12 0.9 0.7 0.2 0.2 0.07) . 100)
73200
((0 0.0 1.0 0.42 0.0 0.0 0.0 0.2 0.7 0.5 0.2 0.0 1.0 0.6 0.2 0.12 0.9 0.7 0.2 0.2 0.07) . 100)
73100
((0 0.0 1.0 0.42 0.0 0.0 0.0 0.2 0.7 0.5 0.2 0.0 1.0 0.6 0.2 0.12 0.9 0.7 0.2 0.2 0.07) . 94)
((0 0.0 1.0 0.42 0.0 0.0 0.0 0.2 0.7 0.5 0.2 0.0 1.0 0.6 0.1 0.12 0.9 0.7 0.2 0.2 0.07) . 4)
((0 0.0 1.0 0.8 0.0 0.0 0.0 0.2 0.7 0.5 0.2 0.0 1.0 0.6 0.2 0.12 0.9 0.7 0.2 0.2 0.07) . 2)
73000
((0 0.0 1.0 0.42 0.0 0.0 0.0 0.2 0.7 0.5 0.2 0.0 1.0 0.6 0.2 0.12 0.9 0.7 0.2 0.2 0.07) . 100)
72900
((0 0.0 1.0 0.42 0.0 0.0 0.0 0.2 0.7 0.5 0.2 0.0 1.0 0.6 0.2 0.12 0.9 0.7 0.2 0.2 0.07) . 100)
72800
((0 0.0 1.0 0.42 0.0 0.0 0.0 0.2 0.7 0.5 0.2 0.0 1.0 0.6 0.2 0.12 0.9 0.7 0.2 0.2 0.07) . 100)
72700
((0 0.0 1.0 0.42 0.0 0.0 0.0 0.2 0.7 0.5 0.2 0.0 1.0 0.6 0.2 0.12 0.9 0.7 0.2 0.2 0.07) . 100)
72600
((0 0.0 1.0 0.42 0.0 0.0 0.0 0.2 0.7 0.5 0.2 0.0 1.0 0.6 0.2 0.12 0.9 0.7 0.2 0.2 0.07) . 100)
72500
((0 0.0 1.0 0.42 0.0 0.0 0.0 0.2 0.7 0.5 0.2 0.0 1.0 0.6 0.2 0.12 0.9 0.7 0.2 0.2 0.07) . 94)
((0 0.0 1.0 0.42 0.0 0.0 0.0 0.2 0.7 0.5 0.2 0.0 1.0 0.6 0.2 0.1 0.9 0.7 0.2 0.2 0.07) . 6)
72400
((0 0.0 1.0 0.42 0.0 0.0 0.0 0.2 0.7 0.5 0.2 0.0 1.0 0.6 0.2 0.12 0.9 0.7 0.2 0.2 0.07) . 100)
72300
((0 0.0 1.0 0.42 0.0 0.0 0.0 0.2 0.7 0.5 0.2 0.0 1.0 0.6 0.2 0.12 0.9 0.7 0.2 0.2 0.07) . 100)
72200
((0 0.0 1.0 0.42 0.0 0.0 0.0 0.2 0.7 0.5 0.2 0.0 1.0 0.6 0.2 0.12 0.9 0.7 0.2 0.2 0.07) . 92)
((0 0.0 1.0 0.42 0.0 0.0 0.0 0.2 0.7 0.5 0.0 0.0 1.0 0.6 0.2 0.12 0.9 0.7 0.2 0.2 0.07) . 8)
72100
((0 0.0 1.0 0.42 0.0 0.0 0.0 0.2 0.7 0.5 0.2 0.0 1.0 0.6 0.2 0.12 0.9 0.7 0.2 0.2 0.07) . 100)
72000
((0 0.0 1.0 0.42 0.0 0.0 0.0 0.2 0.7 0.5 0.2 0.0 1.0 0.6 0.2 0.12 0.9 0.7 0.2 0.2 0.07) . 99)
((0 0.0 1.0 0.42 0.0 0.0 0.0 0.2 0.6 0.5 0.2 0.0 1.0 0.6 0.2 0.12 0.9 0.7 0.2 0.2 0.07) . 1)
71900
((0 0.0 1.0 0.42 0.0 0.0 0.0 0.2 0.7 0.5 0.2 0.0 1.0 0.6 0.2 0.12 0.9 0.7 0.2 0.2 0.07) . 100)
71800
((0 0.0 1.0 0.42 0.0 0.0 0.0 0.2 0.7 0.5 0.2 0.0 1.0 0.6 0.2 0.12 0.9 0.7 0.2 0.2 0.07) . 100)
71700
((0 0.0 1.0 0.42 0.0 0.0 0.0 0.2 0.7 0.5 0.2 0.0 1.0 0.6 0.2 0.12 0.9 0.7 0.2 0.2 0.07) . 95)
((0 0.0 1.0 0.42 0.0 0.0 0.0 0.1 0.7 0.5 0.2 0.0 1.0 0.6 0.2 0.12 0.9 0.7 0.2 0.2 0.07) . 5)
71600
((0 0.0 1.0 0.42 0.0 0.0 0.0 0.2 0.7 0.5 0.2 0.0 1.0 0.6 0.2 0.12 0.9 0.7 0.2 0.2 0.07) . 100)
71500
((0 0.0 1.0 0.42 0.0 0.0 0.0 0.2 0.7 0.5 0.2 0.0 1.0 0.6 0.2 0.12 0.9 0.7 0.2 0.2 0.07) . 100)
71400
((0 0.0 1.0 0.42 0.0 0.0 0.0 0.2 0.7 0.5 0.2 0.0 1.0 0.6 0.2 0.12 0.9 0.7 0.2 0.2 0.07) . 100)
71300
((0 0.0 1.0 0.42 0.0 0.0 0.0 0.2 0.7 0.5 0.2 0.0 1.0 0.6 0.2 0.12 0.9 0.7 0.2 0.2 0.07) . 100)
71200
((0 0.0 1.0 0.42 0.0 0.0 0.0 0.2 0.7 0.5 0.2 0.0 1.0 0.6 0.2 0.12 0.9 0.7 0.2 0.2 0.07) . 86)
((0 0.0 1.0 0.42 0.0 0.0 0.0 0.2 0.7 0.5 0.2 0.0 1.0 0.2 0.2 0.12 0.9 0.7 0.2 0.2 0.07) . 14)
71100
((0 0.0 1.0 0.42 0.0 0.0 0.0 0.2 0.7 0.5 0.2 0.0 1.0 0.6 0.2 0.12 0.9 0.7 0.2 0.2 0.07) . 86)
((0 0.0 1.0 0.42 0.0 0.0 0.0 0.2 0.7 0.5 0.2 0.0 1.0 0.2 0.2 0.12 0.9 0.7 0.2 0.2 0.07) . 14)
71000
((0 0.0 1.0 0.42 0.0 0.0 0.0 0.2 0.7 0.5 0.2 0.0 1.0 0.6 0.2 0.12 0.9 0.7 0.2 0.2 0.07) . 99)
((0 0.0 1.0 0.42 0.0 0.0 0.0 0.2 0.7 0.5 0.2 0.0 1.0 0.2 0.2 0.12 0.9 0.7 0.2 0.2 0.07) . 1)
70900
((0 0.0 1.0 0.42 0.0 0.0 0.0 0.2 0.7 0.5 0.2 0.0 1.0 0.6 0.2 0.12 0.9 0.7 0.2 0.2 0.07) . 88)
((0 0.0 1.0 0.42 0.0 0.0 0.0 0.2 0.7 0.5 0.2 0.0 1.0 0.6 0.2 0.1 0.9 0.7 0.2 0.2 0.07) . 12)
70800
((0 0.0 1.0 0.42 0.0 0.0 0.0 0.2 0.7 0.5 0.2 0.0 1.0 0.6 0.2 0.12 0.9 0.7 0.2 0.2 0.07) . 97)
((0 0.0 1.0 0.42 0.0 0.0 0.0 0.2 0.7 0.5 0.2 0.0 1.0 0.6 0.2 0.1 0.9 0.7 0.2 0.2 0.07) . 3)
70700
((0 0.0 1.0 0.42 0.0 0.0 0.0 0.2 0.7 0.5 0.2 0.0 1.0 0.6 0.2 0.12 0.9 0.7 0.2 0.2 0.07) . 100)
70600
((0 0.0 1.0 0.42 0.0 0.0 0.0 0.2 0.7 0.5 0.2 0.0 1.0 0.6 0.2 0.12 0.9 0.7 0.2 0.2 0.07) . 100)
70500
((0 0.0 1.0 0.42 0.0 0.0 0.0 0.2 0.7 0.5 0.2 0.0 1.0 0.6 0.2 0.12 0.9 0.7 0.2 0.2 0.07) . 100)
70400
((0 0.0 1.0 0.42 0.0 0.0 0.0 0.2 0.7 0.5 0.2 0.0 1.0 0.6 0.2 0.12 0.9 0.7 0.2 0.2 0.07) . 100)
70300
((0 0.0 1.0 0.42 0.0 0.0 0.0 0.2 0.7 0.5 0.2 0.0 1.0 0.6 0.2 0.12 0.9 0.7 0.2 0.2 0.07) . 100)
70200
((0 0.0 1.0 0.42 0.0 0.0 0.0 0.2 0.7 0.5 0.2 0.0 1.0 0.6 0.2 0.12 0.9 0.7 0.2 0.2 0.07) . 100)
70100
((0 0.0 1.0 0.42 0.0 0.0 0.0 0.2 0.7 0.5 0.2 0.0 1.0 0.6 0.2 0.12 0.9 0.7 0.2 0.2 0.07) . 100)
70000
((0 0.0 1.0 0.42 0.0 0.0 0.0 0.2 0.7 0.5 0.2 0.0 1.0 0.6 0.2 0.12 0.9 0.7 0.2 0.2 0.07) . 100)
69900
((0 0.0 1.0 0.42 0.0 0.0 0.0 0.2 0.7 0.5 0.2 0.0 1.0 0.6 0.2 0.12 0.9 0.7 0.2 0.2 0.07) . 99)
((0 0.0 1.0 0.4 0.0 0.0 0.0 0.2 0.7 0.5 0.2 0.0 1.0 0.6 0.2 0.12 0.9 0.7 0.2 0.2 0.07) . 1)
69800
((0 0.0 1.0 0.42 0.0 0.0 0.0 0.2 0.7 0.5 0.2 0.0 1.0 0.6 0.2 0.12 0.9 0.7 0.2 0.2 0.07) . 99)
((0 0.0 1.0 0.42 0.0 0.0 0.0 0.2 0.4 0.5 0.2 0.0 1.0 0.6 0.2 0.12 0.9 0.7 0.2 0.2 0.07) . 1)
69700
((0 0.0 1.0 0.42 0.0 0.0 0.0 0.2 0.7 0.5 0.2 0.0 1.0 0.6 0.2 0.12 0.9 0.7 0.2 0.2 0.07) . 95)
((0 0.0 1.0 0.42 0.0 0.0 0.0 0.2 0.7 0.5 0.2 0.0 1.0 0.6 0.2 0.12 0.7 0.7 0.2 0.2 0.07) . 5)
69600
((0 0.0 1.0 0.42 0.0 0.0 0.0 0.2 0.7 0.5 0.2 0.0 1.0 0.6 0.2 0.12 0.9 0.7 0.2 0.2 0.07) . 99)
((0 0.0 1.0 0.6 0.0 0.0 0.0 0.2 0.7 0.5 0.2 0.0 1.0 0.6 0.2 0.12 0.9 0.7 0.2 0.2 0.07) . 1)
69500
((0 0.0 1.0 0.42 0.0 0.0 0.0 0.2 0.7 0.5 0.2 0.0 1.0 0.6 0.2 0.12 0.9 0.7 0.2 0.2 0.07) . 100)
69400
((0 0.0 1.0 0.42 0.0 0.0 0.0 0.2 0.7 0.5 0.2 0.0 1.0 0.6 0.2 0.12 0.9 0.7 0.2 0.2 0.07) . 100)
69300
((0 0.0 1.0 0.42 0.0 0.0 0.0 0.2 0.7 0.5 0.2 0.0 1.0 0.6 0.2 0.12 0.9 0.7 0.2 0.2 0.07) . 100)
69200
((0 0.0 1.0 0.42 0.0 0.0 0.0 0.2 0.7 0.5 0.2 0.0 1.0 0.6 0.2 0.12 0.9 0.7 0.2 0.2 0.07) . 100)
69100
((0 0.0 1.0 0.42 0.0 0.0 0.0 0.2 0.7 0.5 0.2 0.0 1.0 0.6 0.2 0.12 0.9 0.7 0.2 0.2 0.07) . 98)
((0 0.0 1.0 0.42 0.0 0.0 0.0 0.2 0.7 0.5 0.2 0.0 1.0 0.6 0.2 0.12 0.9 0.5 0.2 0.2 0.07) . 2)
69000
((0 0.0 1.0 0.42 0.0 0.0 0.0 0.2 0.7 0.5 0.2 0.0 1.0 0.6 0.2 0.12 0.9 0.7 0.2 0.2 0.07) . 100)
68900
((0 0.0 1.0 0.42 0.0 0.0 0.0 0.2 0.7 0.5 0.2 0.0 1.0 0.6 0.2 0.12 0.9 0.7 0.2 0.2 0.07) . 100)
68800
((0 0.0 1.0 0.42 0.0 0.0 0.0 0.2 0.7 0.5 0.2 0.0 1.0 0.6 0.2 0.12 0.9 0.7 0.2 0.2 0.07) . 100)
68700
((0 0.0 1.0 0.42 0.0 0.0 0.0 0.2 0.7 0.5 0.2 0.0 1.0 0.6 0.2 0.12 0.9 0.7 0.2 0.2 0.07) . 98)
((0 0.0 1.0 0.42 0.0 0.0 0.0 0.2 0.7 0.5 0.2 0.0 1.0 0.6 0.2 0.12 0.9 0.7 0.2 0.1 0.07) . 1)
((0 0.0 1.0 0.42 0.0 0.9 0.0 0.2 0.7 0.5 0.2 0.0 1.0 0.6 0.2 0.12 0.9 0.7 0.2 0.2 0.07) . 1)
68600
((0 0.0 1.0 0.42 0.0 0.0 0.0 0.2 0.7 0.5 0.2 0.0 1.0 0.6 0.2 0.12 0.9 0.7 0.2 0.2 0.07) . 100)
68500
((0 0.0 1.0 0.42 0.0 0.0 0.0 0.2 0.7 0.5 0.2 0.0 1.0 0.6 0.2 0.12 0.9 0.7 0.2 0.2 0.07) . 100)
68400
((0 0.0 1.0 0.42 0.0 0.0 0.0 0.2 0.7 0.5 0.2 0.0 1.0 0.6 0.2 0.12 0.9 0.7 0.2 0.2 0.07) . 94)
((0 0.0 0.5 0.42 0.0 0.0 0.0 0.2 0.7 0.5 0.2 0.0 1.0 0.6 0.2 0.12 0.9 0.7 0.2 0.2 0.07) . 6)
68300
((0 0.0 1.0 0.42 0.0 0.0 0.0 0.2 0.7 0.5 0.2 0.0 1.0 0.6 0.2 0.12 0.9 0.7 0.2 0.2 0.07) . 98)
((0 0.0 1.0 0.42 0.0 0.0 0.5 0.2 0.7 0.5 0.2 0.0 1.0 0.6 0.2 0.12 0.9 0.7 0.2 0.2 0.07) . 2)
68200
((0 0.0 1.0 0.42 0.0 0.0 0.0 0.2 0.7 0.5 0.2 0.0 1.0 0.6 0.2 0.12 0.9 0.7 0.2 0.2 0.07) . 90)
((0 0.0 1.0 0.42 0.0 0.0 0.0 0.2 0.7 0.5 0.4 0.0 1.0 0.6 0.2 0.12 0.9 0.7 0.2 0.2 0.07) . 10)
68100
((0 0.0 1.0 0.42 0.0 0.0 0.0 0.2 0.7 0.5 0.2 0.0 1.0 0.6 0.2 0.12 0.9 0.7 0.2 0.2 0.07) . 99)
((0 0.0 1.0 0.42 0.0 0.0 0.0 0.2 0.7 0.5 0.4 0.0 1.0 0.6 0.2 0.12 0.9 0.7 0.2 0.2 0.07) . 1)
68000
((0 0.0 1.0 0.42 0.0 0.0 0.0 0.2 0.7 0.5 0.2 0.0 1.0 0.6 0.2 0.12 0.9 0.7 0.2 0.2 0.07) . 96)
((0 0.0 1.0 0.42 0.0 0.0 0.0 0.2 0.7 0.5 0.4 0.0 1.0 0.6 0.2 0.12 0.9 0.7 0.2 0.2 0.07) . 4)
67900
((0 0.0 1.0 0.42 0.0 0.0 0.0 0.2 0.7 0.5 0.2 0.0 1.0 0.6 0.2 0.12 0.9 0.7 0.2 0.2 0.07) . 96)
((0 0.0 1.0 0.42 0.0 0.0 0.0 0.2 0.7 0.5 0.4 0.0 1.0 0.6 0.2 0.12 0.9 0.7 0.2 0.2 0.07) . 4)
67800
((0 0.0 1.0 0.42 0.0 0.0 0.0 0.2 0.7 0.5 0.2 0.0 1.0 0.6 0.2 0.12 0.9 0.7 0.2 0.2 0.07) . 92)
((0 0.0 1.0 0.42 0.0 0.0 0.0 0.3 0.7 0.5 0.2 0.0 1.0 0.6 0.2 0.12 0.9 0.7 0.2 0.2 0.07) . 8)
67700
((0 0.0 1.0 0.42 0.0 0.0 0.0 0.2 0.7 0.5 0.2 0.0 1.0 0.6 0.2 0.12 0.9 0.7 0.2 0.2 0.07) . 100)
67600
((0 0.0 1.0 0.42 0.0 0.0 0.0 0.2 0.7 0.5 0.2 0.0 1.0 0.6 0.2 0.12 0.9 0.7 0.2 0.2 0.07) . 100)
67500
((0 0.0 1.0 0.42 0.0 0.0 0.0 0.2 0.7 0.5 0.2 0.0 1.0 0.6 0.2 0.12 0.9 0.7 0.2 0.2 0.07) . 100)
67400
((0 0.0 1.0 0.42 0.0 0.0 0.0 0.2 0.7 0.5 0.2 0.0 1.0 0.6 0.2 0.12 0.9 0.7 0.2 0.2 0.07) . 97)
((0 0.0 1.0 0.42 0.0 0.1 0.0 0.2 0.7 0.5 0.2 0.0 1.0 0.6 0.2 0.12 0.9 0.7 0.2 0.2 0.07) . 3)
67300
((0 0.0 1.0 0.42 0.0 0.0 0.0 0.2 0.7 0.5 0.2 0.0 1.0 0.6 0.2 0.12 0.9 0.7 0.2 0.2 0.07) . 100)
67200
((0 0.0 1.0 0.42 0.0 0.0 0.0 0.2 0.7 0.5 0.2 0.0 1.0 0.6 0.2 0.12 0.9 0.7 0.2 0.2 0.07) . 100)
67100
((0 0.0 1.0 0.42 0.0 0.0 0.0 0.2 0.7 0.5 0.2 0.0 1.0 0.6 0.2 0.12 0.9 0.7 0.2 0.2 0.07) . 100)
67000
((0 0.0 1.0 0.42 0.0 0.0 0.0 0.2 0.7 0.5 0.2 0.0 1.0 0.6 0.2 0.12 0.9 0.7 0.2 0.2 0.07) . 100)
66900
((0 0.0 1.0 0.42 0.0 0.0 0.0 0.2 0.7 0.5 0.2 0.0 1.0 0.6 0.2 0.12 0.9 0.7 0.2 0.2 0.07) . 100)
66800
((0 0.0 1.0 0.42 0.0 0.0 0.0 0.2 0.7 0.5 0.2 0.0 1.0 0.6 0.2 0.12 0.9 0.7 0.2 0.2 0.07) . 94)
((0 0.0 1.0 0.42 0.0 0.0 0.0 0.2 0.7 0.5 0.2 0.0 1.0 0.6 0.2 0.1 0.9 0.7 0.2 0.2 0.07) . 6)
66700
((0 0.0 1.0 0.42 0.0 0.0 0.0 0.2 0.7 0.5 0.2 0.0 1.0 0.6 0.2 0.12 0.9 0.7 0.2 0.2 0.07) . 98)
((0 0.0 1.0 0.42 0.0 0.0 0.0 0.2 0.7 0.5 0.2 0.0 1.0 0.6 0.2 0.1 0.9 0.7 0.2 0.2 0.07) . 2)
66600
((0 0.0 1.0 0.42 0.0 0.0 0.0 0.2 0.7 0.5 0.2 0.0 1.0 0.6 0.2 0.12 0.9 0.7 0.2 0.2 0.07) . 100)
66500
((0 0.0 1.0 0.42 0.0 0.0 0.0 0.2 0.7 0.5 0.2 0.0 1.0 0.6 0.2 0.12 0.9 0.7 0.2 0.2 0.07) . 100)
66400
((0 0.0 1.0 0.42 0.0 0.0 0.0 0.2 0.7 0.5 0.2 0.0 1.0 0.6 0.2 0.12 0.9 0.7 0.2 0.2 0.07) . 100)
66300
((0 0.0 1.0 0.42 0.0 0.0 0.0 0.2 0.7 0.5 0.2 0.0 1.0 0.6 0.2 0.12 0.9 0.7 0.2 0.2 0.07) . 100)
66200
((0 0.0 1.0 0.42 0.0 0.0 0.0 0.2 0.7 0.5 0.2 0.0 1.0 0.6 0.2 0.12 0.9 0.7 0.2 0.2 0.07) . 100)
66100
((0 0.0 1.0 0.42 0.0 0.0 0.0 0.2 0.7 0.5 0.2 0.0 1.0 0.6 0.2 0.12 0.9 0.7 0.2 0.2 0.07) . 97)
((0 0.0 1.0 0.42 0.0 0.0 0.0 0.2 0.7 0.6 0.2 0.0 1.0 0.6 0.2 0.12 0.9 0.7 0.2 0.2 0.07) . 3)
66000
((0 0.0 1.0 0.42 0.0 0.0 0.0 0.2 0.7 0.5 0.2 0.0 1.0 0.6 0.2 0.12 0.9 0.7 0.2 0.2 0.07) . 100)
65900
((0 0.0 1.0 0.42 0.0 0.0 0.0 0.2 0.7 0.5 0.2 0.0 1.0 0.6 0.2 0.12 0.9 0.7 0.2 0.2 0.07) . 100)
65800
((0 0.0 1.0 0.42 0.0 0.0 0.0 0.2 0.7 0.5 0.2 0.0 1.0 0.6 0.2 0.12 0.9 0.7 0.2 0.2 0.07) . 91)
((0 0.0 1.0 0.42 0.0 0.0 0.0 0.2 0.7 0.5 0.2 0.0 1.0 0.3 0.2 0.12 0.9 0.7 0.2 0.2 0.07) . 9)
65700
((0 0.0 1.0 0.42 0.0 0.0 0.0 0.2 0.7 0.5 0.2 0.0 1.0 0.6 0.2 0.12 0.9 0.7 0.2 0.2 0.07) . 97)
((0 0.0 1.0 0.42 0.0 0.0 0.0 0.2 0.7 0.5 0.2 0.0 1.0 0.3 0.2 0.12 0.9 0.7 0.2 0.2 0.07) . 3)
65600
((0 0.0 1.0 0.42 0.0 0.0 0.0 0.2 0.7 0.5 0.2 0.0 1.0 0.6 0.2 0.12 0.9 0.7 0.2 0.2 0.07) . 84)
((0 0.0 1.0 0.42 0.0 0.0 0.0 0.2 0.7 0.5 0.2 0.0 1.0 0.6 0.2 0.12 0.9 0.5 0.2 0.2 0.07) . 16)
65500
((0 0.0 1.0 0.42 0.0 0.0 0.0 0.2 0.7 0.5 0.2 0.0 1.0 0.6 0.2 0.12 0.9 0.7 0.2 0.2 0.07) . 93)
((0 0.0 1.0 0.42 0.0 0.0 0.0 0.2 0.7 0.5 0.2 0.0 1.0 0.6 0.2 0.12 0.9 0.5 0.2 0.2 0.07) . 7)
65400
((0 0.0 1.0 0.42 0.0 0.0 0.0 0.2 0.7 0.5 0.2 0.0 1.0 0.6 0.2 0.12 0.9 0.7 0.2 0.2 0.07) . 100)
65300
((0 0.0 1.0 0.42 0.0 0.0 0.0 0.2 0.7 0.5 0.2 0.0 1.0 0.6 0.2 0.12 0.9 0.7 0.2 0.2 0.07) . 98)
((0 0.0 1.0 0.42 0.0 0.0 0.0 0.2 0.7 0.5 0.2 0.0 1.0 0.6 0.2 0.12 0.9 0.7 0.2 0.2 0.5) . 2)
65200
((0 0.0 1.0 0.42 0.0 0.0 0.0 0.2 0.7 0.5 0.2 0.0 1.0 0.6 0.2 0.12 0.9 0.7 0.2 0.2 0.07) . 100)
65100
((0 0.0 1.0 0.42 0.0 0.0 0.0 0.2 0.7 0.5 0.2 0.0 1.0 0.6 0.2 0.12 0.9 0.7 0.2 0.2 0.07) . 100)
65000
((0 0.0 1.0 0.42 0.0 0.0 0.0 0.2 0.7 0.5 0.2 0.0 1.0 0.6 0.2 0.12 0.9 0.7 0.2 0.2 0.07) . 100)
64900
((0 0.0 1.0 0.42 0.0 0.0 0.0 0.2 0.7 0.5 0.2 0.0 1.0 0.6 0.2 0.12 0.9 0.7 0.2 0.2 0.07) . 100)
64800
((0 0.0 1.0 0.42 0.0 0.0 0.0 0.2 0.7 0.5 0.2 0.0 1.0 0.6 0.2 0.12 0.9 0.7 0.2 0.2 0.07) . 100)
64700
((0 0.0 1.0 0.42 0.0 0.0 0.0 0.2 0.7 0.5 0.2 0.0 1.0 0.6 0.2 0.12 0.9 0.7 0.2 0.2 0.07) . 100)
64600
((0 0.0 1.0 0.42 0.0 0.0 0.0 0.2 0.7 0.5 0.2 0.0 1.0 0.6 0.2 0.12 0.9 0.7 0.2 0.2 0.07) . 100)
64500
((0 0.0 1.0 0.42 0.0 0.0 0.0 0.2 0.7 0.5 0.2 0.0 1.0 0.6 0.2 0.12 0.9 0.7 0.2 0.2 0.07) . 100)
64400
((0 0.0 1.0 0.42 0.0 0.0 0.0 0.2 0.7 0.5 0.2 0.0 1.0 0.6 0.2 0.12 0.9 0.7 0.2 0.2 0.07) . 100)
64300
((0 0.0 1.0 0.42 0.0 0.0 0.0 0.2 0.7 0.5 0.2 0.0 1.0 0.6 0.2 0.12 0.9 0.7 0.2 0.2 0.07) . 100)
64200
((0 0.0 1.0 0.42 0.0 0.0 0.0 0.2 0.7 0.5 0.2 0.0 1.0 0.6 0.2 0.12 0.9 0.7 0.2 0.2 0.07) . 100)
64100
((0 0.0 1.0 0.42 0.0 0.0 0.0 0.2 0.7 0.5 0.2 0.0 1.0 0.6 0.2 0.12 0.9 0.7 0.2 0.2 0.07) . 100)
64000
((0 0.0 1.0 0.42 0.0 0.0 0.0 0.2 0.7 0.5 0.2 0.0 1.0 0.6 0.2 0.12 0.9 0.7 0.2 0.2 0.07) . 100)
63900
((0 0.0 1.0 0.42 0.0 0.0 0.0 0.2 0.7 0.5 0.2 0.0 1.0 0.6 0.2 0.12 0.9 0.7 0.2 0.2 0.07) . 100)
63800
((0 0.0 1.0 0.42 0.0 0.0 0.0 0.2 0.7 0.5 0.2 0.0 1.0 0.6 0.2 0.12 0.9 0.7 0.2 0.2 0.07) . 100)
63700
((0 0.0 1.0 0.42 0.0 0.0 0.0 0.2 0.7 0.5 0.2 0.0 1.0 0.6 0.2 0.12 0.9 0.7 0.2 0.2 0.07) . 100)
63600
((0 0.0 1.0 0.42 0.0 0.0 0.0 0.2 0.7 0.5 0.2 0.0 1.0 0.6 0.2 0.12 0.9 0.7 0.2 0.2 0.07) . 90)
((0 0.0 1.0 0.42 0.0 0.0 0.0 0.2 0.7 0.5 0.2 0.0 1.0 0.6 0.2 0.12 0.9 0.7 0.2 0.2 0.1) . 7)
((0 0.0 1.0 0.2 0.0 0.0 0.0 0.2 0.7 0.5 0.2 0.0 1.0 0.6 0.2 0.12 0.9 0.7 0.2 0.2 0.07) . 3)
63500
((0 0.0 1.0 0.42 0.0 0.0 0.0 0.2 0.7 0.5 0.2 0.0 1.0 0.6 0.2 0.12 0.9 0.7 0.2 0.2 0.07) . 91)
((0 0.0 1.0 0.42 0.0 0.0 0.0 0.2 0.7 0.5 0.2 0.0 1.0 0.6 0.2 0.12 0.9 0.7 0.2 0.2 0.1) . 9)
63400
((0 0.0 1.0 0.42 0.0 0.0 0.0 0.2 0.7 0.5 0.2 0.0 1.0 0.6 0.2 0.12 0.9 0.7 0.2 0.2 0.07) . 100)
63300
((0 0.0 1.0 0.42 0.0 0.0 0.0 0.2 0.7 0.5 0.2 0.0 1.0 0.6 0.2 0.12 0.9 0.7 0.2 0.2 0.07) . 100)
63200
((0 0.0 1.0 0.42 0.0 0.0 0.0 0.2 0.7 0.5 0.2 0.0 1.0 0.6 0.2 0.12 0.9 0.7 0.2 0.2 0.07) . 100)
63100
((0 0.0 1.0 0.42 0.0 0.0 0.0 0.2 0.7 0.5 0.2 0.0 1.0 0.6 0.2 0.12 0.9 0.7 0.2 0.2 0.07) . 100)
63000
((0 0.0 1.0 0.42 0.0 0.0 0.0 0.2 0.7 0.5 0.2 0.0 1.0 0.6 0.2 0.12 0.9 0.7 0.2 0.2 0.07) . 100)
62900
((0 0.0 1.0 0.42 0.0 0.0 0.0 0.2 0.7 0.5 0.2 0.0 1.0 0.6 0.2 0.12 0.9 0.7 0.2 0.2 0.07) . 100)
62800
((0 0.0 1.0 0.42 0.0 0.0 0.0 0.2 0.7 0.5 0.2 0.0 1.0 0.6 0.2 0.12 0.9 0.7 0.2 0.2 0.07) . 98)
((0 0.0 1.0 0.42 0.0 0.0 0.0 0.2 0.7 0.5 0.2 0.0 1.0 0.6 0.2 0.12 0.9 0.7 0.2 0.2 0.1) . 2)
62700
((0 0.0 1.0 0.42 0.0 0.0 0.0 0.2 0.7 0.5 0.2 0.0 1.0 0.6 0.2 0.12 0.9 0.7 0.2 0.2 0.07) . 100)
62600
((0 0.0 1.0 0.42 0.0 0.0 0.0 0.2 0.7 0.5 0.2 0.0 1.0 0.6 0.2 0.12 0.9 0.7 0.2 0.2 0.07) . 80)
((0 0.0 1.0 0.42 0.0 0.0 0.0 0.2 0.7 0.4 0.2 0.0 1.0 0.6 0.2 0.12 0.9 0.7 0.2 0.2 0.07) . 19)
((0 0.0 1.0 0.2 0.0 0.0 0.0 0.2 0.7 0.5 0.2 0.0 1.0 0.6 0.2 0.12 0.9 0.7 0.2 0.2 0.07) . 1)
62500
((0 0.0 1.0 0.42 0.0 0.0 0.0 0.2 0.7 0.5 0.2 0.0 1.0 0.6 0.2 0.12 0.9 0.7 0.2 0.2 0.07) . 77)
((0 0.0 1.0 0.2 0.0 0.0 0.0 0.2 0.7 0.5 0.2 0.0 1.0 0.6 0.2 0.12 0.9 0.7 0.2 0.2 0.07) . 19)
((0 0.0 1.0 0.42 0.0 0.0 0.0 0.2 0.7 0.4 0.2 0.0 1.0 0.6 0.2 0.12 0.9 0.7 0.2 0.2 0.07) . 4)
62400
((0 0.0 1.0 0.42 0.0 0.0 0.0 0.2 0.7 0.5 0.2 0.0 1.0 0.6 0.2 0.12 0.9 0.7 0.2 0.2 0.07) . 79)
((0 0.0 1.0 0.2 0.0 0.0 0.0 0.2 0.7 0.5 0.2 0.0 1.0 0.6 0.2 0.12 0.9 0.7 0.2 0.2 0.07) . 16)
((0 0.0 1.0 0.42 0.0 0.0 0.0 0.2 0.7 0.5 0.2 0.0 1.0 0.6 0.2 0.1 0.9 0.7 0.2 0.2 0.07) . 4)
((0 0.0 1.0 0.42 0.0 0.0 0.0 0.0 0.7 0.5 0.2 0.0 1.0 0.6 0.2 0.12 0.9 0.7 0.2 0.2 0.07) . 1)
62300
((0 0.0 1.0 0.42 0.0 0.0 0.0 0.2 0.7 0.5 0.2 0.0 1.0 0.6 0.2 0.12 0.9 0.7 0.2 0.2 0.07) . 95)
((0 0.0 1.0 0.42 0.0 0.0 0.0 0.2 0.7 0.5 0.2 0.0 1.0 0.6 0.2 0.1 0.9 0.7 0.2 0.2 0.07) . 5)
62200
((0 0.0 1.0 0.42 0.0 0.0 0.0 0.2 0.7 0.5 0.2 0.0 1.0 0.6 0.2 0.12 0.9 0.7 0.2 0.2 0.07) . 100)
62100
((0 0.0 1.0 0.42 0.0 0.0 0.0 0.2 0.7 0.5 0.2 0.0 1.0 0.6 0.2 0.12 0.9 0.7 0.2 0.2 0.07) . 100)
62000
((0 0.0 1.0 0.42 0.0 0.0 0.0 0.2 0.7 0.5 0.2 0.0 1.0 0.6 0.2 0.12 0.9 0.7 0.2 0.2 0.07) . 100)
61900
((0 0.0 1.0 0.42 0.0 0.0 0.0 0.2 0.7 0.5 0.2 0.0 1.0 0.6 0.2 0.12 0.9 0.7 0.2 0.2 0.07) . 100)
61800
((0 0.0 1.0 0.42 0.0 0.0 0.0 0.2 0.7 0.5 0.2 0.0 1.0 0.6 0.2 0.12 0.9 0.7 0.2 0.2 0.07) . 99)
((0 0.0 1.0 0.42 0.0 0.0 0.0 0.2 0.7 0.5 0.2 0.0 1.0 0.6 0.4 0.12 0.9 0.7 0.2 0.2 0.07) . 1)
61700
((0 0.0 1.0 0.42 0.0 0.0 0.0 0.2 0.7 0.5 0.2 0.0 1.0 0.6 0.2 0.12 0.9 0.7 0.2 0.2 0.07) . 100)
61600
((0 0.0 1.0 0.42 0.0 0.0 0.0 0.2 0.7 0.5 0.2 0.0 1.0 0.6 0.2 0.12 0.9 0.7 0.2 0.2 0.07) . 100)
61500
((0 0.0 1.0 0.42 0.0 0.0 0.0 0.2 0.7 0.5 0.2 0.0 1.0 0.6 0.2 0.12 0.9 0.7 0.2 0.2 0.07) . 100)
61400
((0 0.0 1.0 0.42 0.0 0.0 0.0 0.2 0.7 0.5 0.2 0.0 1.0 0.6 0.2 0.12 0.9 0.7 0.2 0.2 0.07) . 100)
61300
((0 0.0 1.0 0.42 0.0 0.0 0.0 0.2 0.7 0.5 0.2 0.0 1.0 0.6 0.2 0.12 0.9 0.7 0.2 0.2 0.07) . 99)
((0 0.0 1.0 0.42 0.0 0.0 0.0 0.2 0.2 0.5 0.2 0.0 1.0 0.6 0.2 0.12 0.9 0.7 0.2 0.2 0.07) . 1)
61200
((0 0.0 1.0 0.42 0.0 0.0 0.0 0.2 0.7 0.5 0.2 0.0 1.0 0.6 0.2 0.12 0.9 0.7 0.2 0.2 0.07) . 83)
((0 0.0 1.0 0.42 0.0 0.0 0.0 0.2 0.3 0.5 0.2 0.0 1.0 0.6 0.2 0.12 0.9 0.7 0.2 0.2 0.07) . 17)
61100
((0 0.0 1.0 0.42 0.0 0.0 0.0 0.2 0.7 0.5 0.2 0.0 1.0 0.6 0.2 0.12 0.9 0.7 0.2 0.2 0.07) . 61)
((0 0.0 1.0 0.42 0.0 0.0 0.0 0.2 0.3 0.5 0.2 0.0 1.0 0.6 0.2 0.12 0.9 0.7 0.2 0.2 0.07) . 39)
61000
((0 0.0 1.0 0.42 0.0 0.0 0.0 0.2 0.7 0.5 0.2 0.0 1.0 0.6 0.2 0.12 0.9 0.7 0.2 0.2 0.07) . 51)
((0 0.0 1.0 0.42 0.0 0.0 0.0 0.2 0.3 0.5 0.2 0.0 1.0 0.6 0.2 0.12 0.9 0.7 0.2 0.2 0.07) . 47)
((0 0.0 1.0 0.6 0.0 0.0 0.0 0.2 0.3 0.5 0.2 0.0 1.0 0.6 0.2 0.12 0.9 0.7 0.2 0.2 0.07) . 2)
60900
((0 0.0 1.0 0.42 0.0 0.0 0.0 0.2 0.3 0.5 0.2 0.0 1.0 0.6 0.2 0.12 0.9 0.7 0.2 0.2 0.07) . 65)
((0 0.0 1.0 0.42 0.0 0.0 0.0 0.2 0.7 0.5 0.2 0.0 1.0 0.6 0.2 0.12 0.9 0.7 0.2 0.2 0.07) . 35)
60800
((0 0.0 1.0 0.42 0.0 0.0 0.0 0.2 0.3 0.5 0.2 0.0 1.0 0.6 0.2 0.12 0.9 0.7 0.2 0.2 0.07) . 92)
((0 0.0 1.0 0.42 0.0 0.0 0.0 0.2 0.7 0.5 0.2 0.0 1.0 0.6 0.2 0.12 0.9 0.7 0.2 0.2 0.07) . 8)
60700
((0 0.0 1.0 0.42 0.0 0.0 0.0 0.2 0.3 0.5 0.2 0.0 1.0 0.6 0.2 0.12 0.9 0.7 0.2 0.2 0.07) . 97)
((0 0.0 1.0 0.6 0.0 0.0 0.0 0.2 0.3 0.5 0.2 0.0 1.0 0.6 0.2 0.12 0.9 0.7 0.2 0.2 0.07) . 3)
60600
((0 0.0 1.0 0.42 0.0 0.0 0.0 0.2 0.3 0.5 0.2 0.0 1.0 0.6 0.2 0.12 0.9 0.7 0.2 0.2 0.07) . 99)
((0 0.0 1.0 0.42 0.0 0.0 0.8 0.2 0.3 0.5 0.2 0.0 1.0 0.6 0.2 0.12 0.9 0.7 0.2 0.2 0.07) . 1)
60500
((0 0.0 1.0 0.42 0.0 0.0 0.0 0.2 0.3 0.5 0.2 0.0 1.0 0.6 0.2 0.12 0.9 0.7 0.2 0.2 0.07) . 100)
60400
((0 0.0 1.0 0.42 0.0 0.0 0.0 0.2 0.3 0.5 0.2 0.0 1.0 0.6 0.2 0.12 0.9 0.7 0.2 0.2 0.07) . 100)
60300
((0 0.0 1.0 0.42 0.0 0.0 0.0 0.2 0.3 0.5 0.2 0.0 1.0 0.6 0.2 0.12 0.9 0.7 0.2 0.2 0.07) . 100)
