70000
((0 0.6 0.0 0.1 0.8 0.5 0.1 0.2 0.0 0.2 0.7 0.1 0.1 0.3 0.6 0.0 1.0 0.3 0.4 0.1 0.7) . 99)
((0 0.6 0.0 0.1 0.8 0.5 0.1 0.2 0.0 0.2 0.8 0.1 0.1 0.3 0.6 0.0 1.0 0.3 0.4 0.1 0.7) . 1)
69900
((0 0.6 0.0 0.1 0.8 0.5 0.1 0.2 0.0 0.2 0.7 0.1 0.1 0.3 0.6 0.0 1.0 0.3 0.4 0.1 0.7) . 100)
69800
((0 0.6 0.0 0.1 0.8 0.5 0.1 0.2 0.0 0.2 0.7 0.1 0.1 0.3 0.6 0.0 1.0 0.3 0.4 0.1 0.7) . 100)
69700
((0 0.6 0.0 0.1 0.8 0.5 0.1 0.2 0.0 0.2 0.7 0.1 0.1 0.3 0.6 0.0 1.0 0.3 0.4 0.1 0.7) . 56)
((0 0.6 0.0 0.1 0.8 0.5 0.1 0.2 0.0 0.2 0.7 0.1 0.1 0.3 0.6 0.0 0.6 0.3 0.4 0.1 0.7) . 27)
((0 0.6 0.0 0.1 0.8 0.5 0.2 0.2 0.0 0.2 0.7 0.1 0.1 0.3 0.6 0.0 1.0 0.3 0.4 0.1 0.7) . 17)
69600
((0 0.6 0.0 0.1 0.8 0.5 0.1 0.2 0.0 0.2 0.7 0.1 0.1 0.3 0.6 0.0 1.0 0.3 0.4 0.1 0.7) . 82)
((0 0.6 0.0 0.1 0.8 0.5 0.1 0.2 0.0 0.2 0.7 0.1 0.1 0.3 0.6 0.0 0.6 0.3 0.4 0.1 0.7) . 15)
((0 0.6 0.0 0.1 0.8 0.5 0.2 0.2 0.0 0.2 0.7 0.1 0.1 0.3 0.6 0.0 1.0 0.3 0.4 0.1 0.7) . 3)
69500
((0 0.6 0.0 0.1 0.8 0.5 0.1 0.2 0.0 0.2 0.7 0.1 0.1 0.3 0.6 0.0 1.0 0.3 0.4 0.1 0.7) . 93)
((0 0.6 0.0 0.1 0.8 0.5 0.1 0.2 0.0 0.2 0.7 0.1 0.1 0.3 0.6 0.0 0.6 0.3 0.4 0.1 0.7) . 7)
69400
((0 0.6 0.0 0.1 0.8 0.5 0.1 0.2 0.0 0.2 0.7 0.1 0.1 0.3 0.6 0.0 1.0 0.3 0.4 0.1 0.7) . 100)
69300
((0 0.6 0.0 0.1 0.8 0.5 0.1 0.2 0.0 0.2 0.7 0.1 0.1 0.3 0.6 0.0 1.0 0.3 0.4 0.1 0.7) . 98)
((0 0.6 0.0 0.1 0.8 0.5 0.1 0.2 0.0 0.2 0.2 0.1 0.1 0.3 0.6 0.0 1.0 0.3 0.4 0.1 0.7) . 2)
69200
((0 0.6 0.0 0.1 0.8 0.5 0.1 0.2 0.0 0.2 0.7 0.1 0.1 0.3 0.6 0.0 1.0 0.3 0.4 0.1 0.7) . 94)
((0 0.6 0.0 0.1 0.8 0.5 0.1 0.2 0.0 0.2 0.5 0.1 0.1 0.3 0.6 0.0 1.0 0.3 0.4 0.1 0.7) . 6)
69100
((0 0.6 0.0 0.1 0.8 0.5 0.1 0.2 0.0 0.2 0.7 0.1 0.1 0.3 0.6 0.0 1.0 0.3 0.4 0.1 0.7) . 98)
((0 0.6 0.0 0.1 0.8 0.5 0.1 0.2 0.0 0.2 0.1 0.1 0.1 0.3 0.6 0.0 1.0 0.3 0.4 0.1 0.7) . 2)
69000
((0 0.6 0.0 0.1 0.8 0.5 0.1 0.2 0.0 0.2 0.7 0.1 0.1 0.3 0.6 0.0 1.0 0.3 0.4 0.1 0.7) . 100)
68900
((0 0.6 0.0 0.1 0.8 0.5 0.1 0.2 0.0 0.2 0.7 0.1 0.1 0.3 0.6 0.0 1.0 0.3 0.4 0.1 0.7) . 100)
68800
((0 0.6 0.0 0.1 0.8 0.5 0.1 0.2 0.0 0.2 0.7 0.1 0.1 0.3 0.6 0.0 1.0 0.3 0.4 0.1 0.7) . 97)
((0 0.6 0.0 0.1 0.8 0.5 0.1 0.2 0.0 0.2 0.7 0.1 0.1 0.3 0.6 0.0 1.0 0.3 0.4 0.3 0.7) . 3)
68700
((0 0.6 0.0 0.1 0.8 0.5 0.1 0.2 0.0 0.2 0.7 0.1 0.1 0.3 0.6 0.0 1.0 0.3 0.4 0.1 0.7) . 100)
68600
((0 0.6 0.0 0.1 0.8 0.5 0.1 0.2 0.0 0.2 0.7 0.1 0.1 0.3 0.6 0.0 1.0 0.3 0.4 0.1 0.7) . 100)
68500
((0 0.6 0.0 0.1 0.8 0.5 0.1 0.2 0.0 0.2 0.7 0.1 0.1 0.3 0.6 0.0 1.0 0.3 0.4 0.1 0.7) . 100)
68400
((0 0.6 0.0 0.1 0.8 0.5 0.1 0.2 0.0 0.2 0.7 0.1 0.1 0.3 0.6 0.0 1.0 0.3 0.4 0.1 0.7) . 100)
68300
((0 0.6 0.0 0.1 0.8 0.5 0.1 0.2 0.0 0.2 0.7 0.1 0.1 0.3 0.6 0.0 1.0 0.3 0.4 0.1 0.7) . 97)
((0 0.6 0.0 0.1 0.8 0.5 0.1 0.2 0.0 0.2 0.7 0.1 0.1 0.3 0.6 0.0 0.5 0.3 0.4 0.1 0.7) . 3)
68200
((0 0.6 0.0 0.1 0.8 0.5 0.1 0.2 0.0 0.2 0.7 0.1 0.1 0.3 0.6 0.0 1.0 0.3 0.4 0.1 0.7) . 99)
((0 0.6 0.0 0.1 0.9 0.5 0.1 0.2 0.0 0.2 0.7 0.1 0.1 0.3 0.6 0.0 1.0 0.3 0.4 0.1 0.7) . 1)
68100
((0 0.6 0.0 0.1 0.8 0.5 0.1 0.2 0.0 0.2 0.7 0.1 0.1 0.3 0.6 0.0 1.0 0.3 0.4 0.1 0.7) . 100)
68000
((0 0.6 0.0 0.1 0.8 0.5 0.1 0.2 0.0 0.2 0.7 0.1 0.1 0.3 0.6 0.0 1.0 0.3 0.4 0.1 0.7) . 100)
67900
((0 0.6 0.0 0.1 0.8 0.5 0.1 0.2 0.0 0.2 0.7 0.1 0.1 0.3 0.6 0.0 1.0 0.3 0.4 0.1 0.7) . 100)
67800
((0 0.6 0.0 0.1 0.8 0.5 0.1 0.2 0.0 0.2 0.7 0.1 0.1 0.3 0.6 0.0 1.0 0.3 0.4 0.1 0.7) . 99)
((0 0.6 0.0 0.1 0.8 0.5 0.4 0.2 0.0 0.2 0.7 0.1 0.1 0.3 0.6 0.0 1.0 0.3 0.4 0.1 0.7) . 1)
67700
((0 0.6 0.0 0.1 0.8 0.5 0.1 0.2 0.0 0.2 0.7 0.1 0.1 0.3 0.6 0.0 1.0 0.3 0.4 0.1 0.7) . 100)
67600
((0 0.6 0.0 0.1 0.8 0.5 0.1 0.2 0.0 0.2 0.7 0.1 0.1 0.3 0.6 0.0 1.0 0.3 0.4 0.1 0.7) . 100)
67500
((0 0.6 0.0 0.1 0.8 0.5 0.1 0.2 0.0 0.2 0.7 0.1 0.1 0.3 0.6 0.0 1.0 0.3 0.4 0.1 0.7) . 95)
((0 0.6 0.0 0.1 0.8 0.5 0.1 0.2 0.0 0.2 0.7 0.1 0.1 0.3 0.7 0.0 1.0 0.3 0.4 0.1 0.7) . 5)
67400
((0 0.6 0.0 0.1 0.8 0.5 0.1 0.2 0.0 0.2 0.7 0.1 0.1 0.3 0.6 0.0 1.0 0.3 0.4 0.1 0.7) . 95)
((0 0.6 0.0 0.1 0.8 0.5 0.1 0.2 0.0 0.2 0.7 0.1 0.1 0.3 0.7 0.0 1.0 0.3 0.4 0.1 0.7) . 5)
67300
((0 0.6 0.0 0.1 0.8 0.5 0.1 0.2 0.0 0.2 0.7 0.1 0.1 0.3 0.6 0.0 1.0 0.3 0.4 0.1 0.7) . 99)
((0 0.6 0.0 0.1 0.8 0.5 0.1 0.2 0.0 0.2 0.7 0.1 0.1 0.3 0.6 0.0 1.0 0.3 0.4 0.1 0.8) . 1)
67200
((0 0.6 0.0 0.1 0.8 0.5 0.1 0.2 0.0 0.2 0.7 0.1 0.1 0.3 0.6 0.0 1.0 0.3 0.4 0.1 0.7) . 93)
((0 0.6 0.0 0.1 0.8 0.5 0.1 0.2 0.0 0.2 0.4 0.1 0.1 0.3 0.6 0.0 1.0 0.3 0.4 0.1 0.7) . 7)
67100
((0 0.6 0.0 0.1 0.8 0.5 0.1 0.2 0.0 0.2 0.7 0.1 0.1 0.3 0.6 0.0 1.0 0.3 0.4 0.1 0.7) . 91)
((0 0.6 0.0 0.1 0.8 0.5 0.1 0.2 0.0 0.2 0.4 0.1 0.1 0.3 0.6 0.0 1.0 0.3 0.4 0.1 0.7) . 9)
67000
((0 0.6 0.0 0.1 0.8 0.5 0.1 0.2 0.0 0.2 0.7 0.1 0.1 0.3 0.6 0.0 1.0 0.3 0.4 0.1 0.7) . 97)
((0 0.6 0.0 0.1 0.8 0.5 0.1 0.2 0.0 0.2 0.7 0.1 0.1 0.4 0.6 0.0 1.0 0.3 0.4 0.1 0.7) . 3)
66900
((0 0.6 0.0 0.1 0.8 0.5 0.1 0.2 0.0 0.2 0.7 0.1 0.1 0.3 0.6 0.0 1.0 0.3 0.4 0.1 0.7) . 100)
66800
((0 0.6 0.0 0.1 0.8 0.5 0.1 0.2 0.0 0.2 0.7 0.1 0.1 0.3 0.6 0.0 1.0 0.3 0.4 0.1 0.7) . 100)
66700
((0 0.6 0.0 0.1 0.8 0.5 0.1 0.2 0.0 0.2 0.7 0.1 0.1 0.3 0.6 0.0 1.0 0.3 0.4 0.1 0.7) . 100)
66600
((0 0.6 0.0 0.1 0.8 0.5 0.1 0.2 0.0 0.2 0.7 0.1 0.1 0.3 0.6 0.0 1.0 0.3 0.4 0.1 0.7) . 100)
66500
((0 0.6 0.0 0.1 0.8 0.5 0.1 0.2 0.0 0.2 0.7 0.1 0.1 0.3 0.6 0.0 1.0 0.3 0.4 0.1 0.7) . 94)
((0 0.6 0.0 0.1 0.8 0.5 0.1 0.2 0.0 0.2 0.7 0.1 0.1 0.3 0.6 0.0 1.0 0.4 0.4 0.1 0.7) . 6)
66400
((0 0.6 0.0 0.1 0.8 0.5 0.1 0.2 0.0 0.2 0.7 0.1 0.1 0.3 0.6 0.0 1.0 0.3 0.4 0.1 0.7) . 97)
((0 0.6 0.0 0.1 0.8 0.5 0.1 0.2 0.0 0.2 0.8 0.1 0.1 0.3 0.6 0.0 1.0 0.3 0.4 0.1 0.7) . 3)
66300
((0 0.6 0.0 0.1 0.8 0.5 0.1 0.2 0.0 0.2 0.7 0.1 0.1 0.3 0.6 0.0 1.0 0.3 0.4 0.1 0.7) . 100)
66200
((0 0.6 0.0 0.1 0.8 0.5 0.1 0.2 0.0 0.2 0.7 0.1 0.1 0.3 0.6 0.0 1.0 0.3 0.4 0.1 0.7) . 100)
66100
((0 0.6 0.0 0.1 0.8 0.5 0.1 0.2 0.0 0.2 0.7 0.1 0.1 0.3 0.6 0.0 1.0 0.3 0.4 0.1 0.7) . 100)
66000
((0 0.6 0.0 0.1 0.8 0.5 0.1 0.2 0.0 0.2 0.7 0.1 0.1 0.3 0.6 0.0 1.0 0.3 0.4 0.1 0.7) . 98)
((0 0.6 0.0 0.1 0.8 0.5 0.4 0.2 0.0 0.2 0.7 0.1 0.1 0.3 0.6 0.0 1.0 0.3 0.4 0.1 0.7) . 2)
65900
((0 0.6 0.0 0.1 0.8 0.5 0.1 0.2 0.0 0.2 0.7 0.1 0.1 0.3 0.6 0.0 1.0 0.3 0.4 0.1 0.7) . 100)
65800
((0 0.6 0.0 0.1 0.8 0.5 0.1 0.2 0.0 0.2 0.7 0.1 0.1 0.3 0.6 0.0 1.0 0.3 0.4 0.1 0.7) . 100)
65700
((0 0.6 0.0 0.1 0.8 0.5 0.1 0.2 0.0 0.2 0.7 0.1 0.1 0.3 0.6 0.0 1.0 0.3 0.4 0.1 0.7) . 100)
65600
((0 0.6 0.0 0.1 0.8 0.5 0.1 0.2 0.0 0.2 0.7 0.1 0.1 0.3 0.6 0.0 1.0 0.3 0.4 0.1 0.7) . 100)
65500
((0 0.6 0.0 0.1 0.8 0.5 0.1 0.2 0.0 0.2 0.7 0.1 0.1 0.3 0.6 0.0 1.0 0.3 0.4 0.1 0.7) . 100)
65400
((0 0.6 0.0 0.1 0.8 0.5 0.1 0.2 0.0 0.2 0.7 0.1 0.1 0.3 0.6 0.0 1.0 0.3 0.4 0.1 0.7) . 95)
((0 0.6 0.0 0.1 0.8 0.5 0.1 0.2 0.0 0.2 0.7 0.1 0.1 0.3 0.6 0.0 1.0 0.3 0.1 0.1 0.7) . 5)
65300
((0 0.6 0.0 0.1 0.8 0.5 0.1 0.2 0.0 0.2 0.7 0.1 0.1 0.3 0.6 0.0 1.0 0.3 0.4 0.1 0.7) . 98)
((0 0.7 0.0 0.1 0.8 0.5 0.1 0.2 0.0 0.2 0.7 0.1 0.1 0.3 0.6 0.0 1.0 0.3 0.4 0.1 0.7) . 2)
65200
((0 0.6 0.0 0.1 0.8 0.5 0.1 0.2 0.0 0.2 0.7 0.1 0.1 0.3 0.6 0.0 1.0 0.3 0.4 0.1 0.7) . 100)
65100
((0 0.6 0.0 0.1 0.8 0.5 0.1 0.2 0.0 0.2 0.7 0.1 0.1 0.3 0.6 0.0 1.0 0.3 0.4 0.1 0.7) . 98)
((0 0.6 0.0 0.1 0.8 0.7 0.1 0.2 0.0 0.2 0.7 0.1 0.1 0.3 0.6 0.0 1.0 0.3 0.4 0.1 0.7) . 2)
65000
((0 0.6 0.0 0.1 0.8 0.5 0.1 0.2 0.0 0.2 0.7 0.1 0.1 0.3 0.6 0.0 1.0 0.3 0.4 0.1 0.7) . 97)
((0 0.6 0.0 0.1 0.8 0.5 0.1 0.2 0.0 0.2 0.7 0.1 0.1 0.3 0.0 0.0 1.0 0.3 0.4 0.1 0.7) . 2)
((0 0.6 0.0 0.1 0.8 0.5 0.1 0.2 0.0 0.2 0.4 0.1 0.1 0.3 0.6 0.0 1.0 0.3 0.4 0.1 0.7) . 1)
64900
((0 0.6 0.0 0.1 0.8 0.5 0.1 0.2 0.0 0.2 0.7 0.1 0.1 0.3 0.6 0.0 1.0 0.3 0.4 0.1 0.7) . 99)
((0 0.4 0.0 0.1 0.8 0.5 0.1 0.2 0.0 0.2 0.7 0.1 0.1 0.3 0.6 0.0 1.0 0.3 0.4 0.1 0.7) . 1)
64800
((0 0.6 0.0 0.1 0.8 0.5 0.1 0.2 0.0 0.2 0.7 0.1 0.1 0.3 0.6 0.0 1.0 0.3 0.4 0.1 0.7) . 100)
64700
((0 0.6 0.0 0.1 0.8 0.5 0.1 0.2 0.0 0.2 0.7 0.1 0.1 0.3 0.6 0.0 1.0 0.3 0.4 0.1 0.7) . 100)
64600
((0 0.6 0.0 0.1 0.8 0.5 0.1 0.2 0.0 0.2 0.7 0.1 0.1 0.3 0.6 0.0 1.0 0.3 0.4 0.1 0.7) . 100)
64500
((0 0.6 0.0 0.1 0.8 0.5 0.1 0.2 0.0 0.2 0.7 0.1 0.1 0.3 0.6 0.0 1.0 0.3 0.4 0.1 0.7) . 100)
64400
((0 0.6 0.0 0.1 0.8 0.5 0.1 0.2 0.0 0.2 0.7 0.1 0.1 0.3 0.6 0.0 1.0 0.3 0.4 0.1 0.7) . 100)
64300
((0 0.6 0.0 0.1 0.8 0.5 0.1 0.2 0.0 0.2 0.7 0.1 0.1 0.3 0.6 0.0 1.0 0.3 0.4 0.1 0.7) . 100)
64200
((0 0.6 0.0 0.1 0.8 0.5 0.1 0.2 0.0 0.2 0.7 0.1 0.1 0.3 0.6 0.0 1.0 0.3 0.4 0.1 0.7) . 100)
64100
((0 0.6 0.0 0.1 0.8 0.5 0.1 0.2 0.0 0.2 0.7 0.1 0.1 0.3 0.6 0.0 1.0 0.3 0.4 0.1 0.7) . 100)
64000
((0 0.6 0.0 0.1 0.8 0.5 0.1 0.2 0.0 0.2 0.7 0.1 0.1 0.3 0.6 0.0 1.0 0.3 0.4 0.1 0.7) . 100)
63900
((0 0.6 0.0 0.1 0.8 0.5 0.1 0.2 0.0 0.2 0.7 0.1 0.1 0.3 0.6 0.0 1.0 0.3 0.4 0.1 0.7) . 100)
63800
((0 0.6 0.0 0.1 0.8 0.5 0.1 0.2 0.0 0.2 0.7 0.1 0.1 0.3 0.6 0.0 1.0 0.3 0.4 0.1 0.7) . 100)
63700
((0 0.6 0.0 0.1 0.8 0.5 0.1 0.2 0.0 0.2 0.7 0.1 0.1 0.3 0.6 0.0 1.0 0.3 0.4 0.1 0.7) . 99)
((0 0.6 0.0 0.1 0.8 0.5 0.1 0.2 0.0 0.2 0.7 0.1 0.1 0.3 0.6 0.0 1.0 0.3 0.4 0.2 0.7) . 1)
63600
((0 0.6 0.0 0.1 0.8 0.5 0.1 0.2 0.0 0.2 0.7 0.1 0.1 0.3 0.6 0.0 1.0 0.3 0.4 0.1 0.7) . 100)
63500
((0 0.6 0.0 0.1 0.8 0.5 0.1 0.2 0.0 0.2 0.7 0.1 0.1 0.3 0.6 0.0 1.0 0.3 0.4 0.1 0.7) . 96)
((0 0.6 0.0 0.1 0.8 0.1 0.1 0.2 0.0 0.2 0.7 0.1 0.1 0.3 0.6 0.0 1.0 0.3 0.4 0.1 0.7) . 4)
63400
((0 0.6 0.0 0.1 0.8 0.5 0.1 0.2 0.0 0.2 0.7 0.1 0.1 0.3 0.6 0.0 1.0 0.3 0.4 0.1 0.7) . 99)
((0 0.6 0.0 0.1 0.8 0.5 0.1 0.6 0.0 0.2 0.7 0.1 0.1 0.3 0.6 0.0 1.0 0.3 0.4 0.1 0.7) . 1)
63300
((0 0.6 0.0 0.1 0.8 0.5 0.1 0.2 0.0 0.2 0.7 0.1 0.1 0.3 0.6 0.0 1.0 0.3 0.4 0.1 0.7) . 100)
63200
((0 0.6 0.0 0.1 0.8 0.5 0.1 0.2 0.0 0.2 0.7 0.1 0.1 0.3 0.6 0.0 1.0 0.3 0.4 0.1 0.7) . 96)
((0 0.6 0.0 0.1 0.8 0.5 0.1 0.2 0.0 0.2 0.7 0.1 0.1 0.0 0.6 0.0 1.0 0.3 0.4 0.1 0.7) . 4)
63100
((0 0.6 0.0 0.1 0.8 0.5 0.1 0.2 0.0 0.2 0.7 0.1 0.1 0.3 0.6 0.0 1.0 0.3 0.4 0.1 0.7) . 72)
((0 0.6 0.0 0.1 0.8 0.5 0.1 0.2 0.0 0.2 0.7 0.1 0.1 0.0 0.6 0.0 1.0 0.3 0.4 0.1 0.7) . 28)
63000
((0 0.6 0.0 0.1 0.8 0.5 0.1 0.2 0.0 0.2 0.7 0.1 0.1 0.3 0.6 0.0 1.0 0.3 0.4 0.1 0.7) . 86)
((0 0.6 0.0 0.1 0.8 0.5 0.1 0.2 0.0 0.2 0.7 0.1 0.1 0.0 0.6 0.0 1.0 0.3 0.4 0.1 0.7) . 14)
62900
((0 0.6 0.0 0.1 0.8 0.5 0.1 0.2 0.0 0.2 0.7 0.1 0.1 0.3 0.6 0.0 1.0 0.3 0.4 0.1 0.7) . 90)
((0 0.6 0.0 0.1 0.8 0.5 0.3 0.2 0.0 0.2 0.7 0.1 0.1 0.3 0.6 0.0 1.0 0.3 0.4 0.1 0.7) . 7)
((0 0.6 0.0 0.1 0.8 0.5 0.1 0.2 0.0 0.2 0.7 0.1 0.1 0.0 0.6 0.0 1.0 0.3 0.4 0.1 0.7) . 3)
62800
((0 0.6 0.0 0.1 0.8 0.5 0.1 0.2 0.0 0.2 0.7 0.1 0.1 0.3 0.6 0.0 1.0 0.3 0.4 0.1 0.7) . 88)
((0 0.6 0.0 0.1 0.8 0.5 0.1 0.2 0.0 0.2 0.7 0.1 0.1 0.3 0.6 0.0 1.0 0.3 0.4 0.1 0.8) . 12)
62700
((0 0.6 0.0 0.1 0.8 0.5 0.1 0.2 0.0 0.2 0.7 0.1 0.1 0.3 0.6 0.0 1.0 0.3 0.4 0.1 0.7) . 87)
((0 0.6 0.0 0.1 0.8 0.5 0.1 0.2 0.0 0.2 0.7 0.1 0.1 0.3 0.6 0.0 1.0 0.3 0.4 0.1 0.8) . 10)
((0 0.6 0.0 0.1 0.8 0.5 0.1 0.2 0.0 0.2 0.7 0.1 0.1 0.3 0.6 0.0 1.0 0.3 0.6 0.1 0.7) . 3)
62600
((0 0.6 0.0 0.1 0.8 0.5 0.1 0.2 0.0 0.2 0.7 0.1 0.1 0.3 0.6 0.0 1.0 0.3 0.4 0.1 0.7) . 96)
((0 0.6 0.0 0.1 0.8 0.5 0.1 0.2 0.0 0.2 0.7 0.1 0.1 0.3 0.6 0.0 1.0 0.3 0.4 0.1 0.8) . 4)
62500
((0 0.6 0.0 0.1 0.8 0.5 0.1 0.2 0.0 0.2 0.7 0.1 0.1 0.3 0.6 0.0 1.0 0.3 0.4 0.1 0.7) . 100)
62400
((0 0.6 0.0 0.1 0.8 0.5 0.1 0.2 0.0 0.2 0.7 0.1 0.1 0.3 0.6 0.0 1.0 0.3 0.4 0.1 0.7) . 100)
62300
((0 0.6 0.0 0.1 0.8 0.5 0.1 0.2 0.0 0.2 0.7 0.1 0.1 0.3 0.6 0.0 1.0 0.3 0.4 0.1 0.7) . 100)
62200
((0 0.6 0.0 0.1 0.8 0.5 0.1 0.2 0.0 0.2 0.7 0.1 0.1 0.3 0.6 0.0 1.0 0.3 0.4 0.1 0.7) . 99)
((0 0.6 0.0 0.1 0.8 0.5 0.1 0.2 0.0 0.2 0.7 0.1 0.1 0.3 0.6 0.0 0.8 0.3 0.4 0.1 0.7) . 1)
62100
((0 0.6 0.0 0.1 0.8 0.5 0.1 0.2 0.0 0.2 0.7 0.1 0.1 0.3 0.6 0.0 1.0 0.3 0.4 0.1 0.7) . 100)
62000
((0 0.6 0.0 0.1 0.8 0.5 0.1 0.2 0.0 0.2 0.7 0.1 0.1 0.3 0.6 0.0 1.0 0.3 0.4 0.1 0.7) . 100)
61900
((0 0.6 0.0 0.1 0.8 0.5 0.1 0.2 0.0 0.2 0.7 0.1 0.1 0.3 0.6 0.0 1.0 0.3 0.4 0.1 0.7) . 100)
61800
((0 0.6 0.0 0.1 0.8 0.5 0.1 0.2 0.0 0.2 0.7 0.1 0.1 0.3 0.6 0.0 1.0 0.3 0.4 0.1 0.7) . 100)
61700
((0 0.6 0.0 0.1 0.8 0.5 0.1 0.2 0.0 0.2 0.7 0.1 0.1 0.3 0.6 0.0 1.0 0.3 0.4 0.1 0.7) . 100)
61600
((0 0.6 0.0 0.1 0.8 0.5 0.1 0.2 0.0 0.2 0.7 0.1 0.1 0.3 0.6 0.0 1.0 0.3 0.4 0.1 0.7) . 100)
61500
((0 0.6 0.0 0.1 0.8 0.5 0.1 0.2 0.0 0.2 0.7 0.1 0.1 0.3 0.6 0.0 1.0 0.3 0.4 0.1 0.7) . 100)
61400
((0 0.6 0.0 0.1 0.8 0.5 0.1 0.2 0.0 0.2 0.7 0.1 0.1 0.3 0.6 0.0 1.0 0.3 0.4 0.1 0.7) . 95)
((0 0.6 0.0 0.1 0.8 0.5 0.1 0.2 0.0 0.2 0.7 0.0 0.1 0.3 0.6 0.0 1.0 0.3 0.4 0.1 0.7) . 5)
61300
((0 0.6 0.0 0.1 0.8 0.5 0.1 0.2 0.0 0.2 0.7 0.1 0.1 0.3 0.6 0.0 1.0 0.3 0.4 0.1 0.7) . 87)
((0 0.6 0.0 0.1 0.8 0.5 0.1 0.2 0.0 0.2 0.7 0.0 0.1 0.3 0.6 0.0 1.0 0.3 0.4 0.1 0.7) . 13)
61200
((0 0.6 0.0 0.1 0.8 0.5 0.1 0.2 0.0 0.2 0.7 0.1 0.1 0.3 0.6 0.0 1.0 0.3 0.4 0.1 0.7) . 85)
((0 0.6 0.0 0.1 0.8 0.5 0.1 0.2 0.0 0.2 0.7 0.0 0.1 0.3 0.6 0.0 1.0 0.3 0.4 0.1 0.7) . 15)
61100
((0 0.6 0.0 0.1 0.8 0.5 0.1 0.2 0.0 0.2 0.7 0.1 0.1 0.3 0.6 0.0 1.0 0.3 0.4 0.1 0.7) . 95)
((0 0.6 0.0 0.1 0.8 0.5 0.1 0.2 0.0 0.2 0.7 0.0 0.1 0.3 0.6 0.0 1.0 0.3 0.4 0.1 0.7) . 5)
61000
((0 0.6 0.0 0.1 0.8 0.5 0.1 0.2 0.0 0.2 0.7 0.1 0.1 0.3 0.6 0.0 1.0 0.3 0.4 0.1 0.7) . 100)
60900
((0 0.6 0.0 0.1 0.8 0.5 0.1 0.2 0.0 0.2 0.7 0.1 0.1 0.3 0.6 0.0 1.0 0.3 0.4 0.1 0.7) . 99)
((0 0.6 0.0 0.1 0.8 0.5 0.1 0.2 0.0 0.2 0.7 0.0 0.1 0.3 0.6 0.0 1.0 0.3 0.4 0.1 0.7) . 1)
60800
((0 0.6 0.0 0.1 0.8 0.5 0.1 0.2 0.0 0.2 0.7 0.1 0.1 0.3 0.6 0.0 1.0 0.3 0.4 0.1 0.7) . 100)
60700
((0 0.6 0.0 0.1 0.8 0.5 0.1 0.2 0.0 0.2 0.7 0.1 0.1 0.3 0.6 0.0 1.0 0.3 0.4 0.1 0.7) . 97)
((0 0.6 0.0 0.1 0.8 0.6 0.1 0.2 0.0 0.2 0.7 0.1 0.1 0.3 0.6 0.0 1.0 0.3 0.4 0.1 0.7) . 3)
60600
((0 0.6 0.0 0.1 0.8 0.5 0.1 0.2 0.0 0.2 0.7 0.1 0.1 0.3 0.6 0.0 1.0 0.3 0.4 0.1 0.7) . 100)
60500
((0 0.6 0.0 0.1 0.8 0.5 0.1 0.2 0.0 0.2 0.7 0.1 0.1 0.3 0.6 0.0 1.0 0.3 0.4 0.1 0.7) . 100)
60400
((0 0.6 0.0 0.1 0.8 0.5 0.1 0.2 0.0 0.2 0.7 0.1 0.1 0.3 0.6 0.0 1.0 0.3 0.4 0.1 0.7) . 100)
60300
((0 0.6 0.0 0.1 0.8 0.5 0.1 0.2 0.0 0.2 0.7 0.1 0.1 0.3 0.6 0.0 1.0 0.3 0.4 0.1 0.7) . 99)
((0 0.6 0.0 0.1 0.8 0.5 0.1 0.2 0.0 0.2 0.7 0.1 0.1 0.3 0.6 0.0 1.0 0.3 0.6 0.1 0.7) . 1)
60200
((0 0.6 0.0 0.1 0.8 0.5 0.1 0.2 0.0 0.2 0.7 0.1 0.1 0.3 0.6 0.0 1.0 0.3 0.4 0.1 0.7) . 100)
60100
((0 0.6 0.0 0.1 0.8 0.5 0.1 0.2 0.0 0.2 0.7 0.1 0.1 0.3 0.6 0.0 1.0 0.3 0.4 0.1 0.7) . 99)
((0 0.6 0.0 0.1 0.8 0.5 0.1 0.2 0.0 0.2 0.7 0.1 0.1 0.3 0.6 0.0 1.0 0.3 0.4 0.1 0.9) . 1)
60000
((0 0.6 0.0 0.1 0.8 0.5 0.1 0.2 0.0 0.2 0.7 0.1 0.1 0.3 0.6 0.0 1.0 0.3 0.4 0.1 0.7) . 88)
((0 0.6 0.0 0.1 0.2 0.5 0.1 0.2 0.0 0.2 0.7 0.1 0.1 0.3 0.6 0.0 1.0 0.3 0.4 0.1 0.7) . 12)
59900
((0 0.6 0.0 0.1 0.8 0.5 0.1 0.2 0.0 0.2 0.7 0.1 0.1 0.3 0.6 0.0 1.0 0.3 0.4 0.1 0.7) . 93)
((0 0.6 0.0 0.1 0.8 0.5 0.1 0.2 0.0 0.2 0.7 0.1 0.1 0.3 0.6 0.0 1.0 0.3 0.4 0.1 0.8) . 7)
59800
((0 0.6 0.0 0.1 0.8 0.5 0.1 0.2 0.0 0.2 0.7 0.1 0.1 0.3 0.6 0.0 1.0 0.3 0.4 0.1 0.7) . 100)
59700
((0 0.6 0.0 0.1 0.8 0.5 0.1 0.2 0.0 0.2 0.7 0.1 0.1 0.3 0.6 0.0 1.0 0.3 0.4 0.1 0.7) . 97)
((0 0.6 0.0 0.1 0.8 0.5 0.1 0.2 0.0 0.2 0.7 0.1 0.1 0.3 0.6 0.0 0.1 0.3 0.4 0.1 0.7) . 3)
59600
((0 0.6 0.0 0.1 0.8 0.5 0.1 0.2 0.0 0.2 0.7 0.1 0.1 0.3 0.6 0.0 1.0 0.3 0.4 0.1 0.7) . 100)
59500
((0 0.6 0.0 0.1 0.8 0.5 0.1 0.2 0.0 0.2 0.7 0.1 0.1 0.3 0.6 0.0 1.0 0.3 0.4 0.1 0.7) . 100)
59400
((0 0.6 0.0 0.1 0.8 0.5 0.1 0.2 0.0 0.2 0.7 0.1 0.1 0.3 0.6 0.0 1.0 0.3 0.4 0.1 0.7) . 100)
59300
((0 0.6 0.0 0.1 0.8 0.5 0.1 0.2 0.0 0.2 0.7 0.1 0.1 0.3 0.6 0.0 1.0 0.3 0.4 0.1 0.7) . 99)
((0 0.6 0.0 0.1 0.8 0.5 0.1 0.2 0.0 0.2 0.7 0.1 0.1 0.3 0.6 0.0 1.0 0.4 0.4 0.1 0.7) . 1)
59200
((0 0.6 0.0 0.1 0.8 0.5 0.1 0.2 0.0 0.2 0.7 0.1 0.1 0.3 0.6 0.0 1.0 0.3 0.4 0.1 0.7) . 100)
59100
((0 0.6 0.0 0.1 0.8 0.5 0.1 0.2 0.0 0.2 0.7 0.1 0.1 0.3 0.6 0.0 1.0 0.3 0.4 0.1 0.7) . 100)
59000
((0 0.6 0.0 0.1 0.8 0.5 0.1 0.2 0.0 0.2 0.7 0.1 0.1 0.3 0.6 0.0 1.0 0.3 0.4 0.1 0.7) . 100)
58900
((0 0.6 0.0 0.1 0.8 0.5 0.1 0.2 0.0 0.2 0.7 0.1 0.1 0.3 0.6 0.0 1.0 0.3 0.4 0.1 0.7) . 100)
58800
((0 0.6 0.0 0.1 0.8 0.5 0.1 0.2 0.0 0.2 0.7 0.1 0.1 0.3 0.6 0.0 1.0 0.3 0.4 0.1 0.7) . 100)
58700
((0 0.6 0.0 0.1 0.8 0.5 0.1 0.2 0.0 0.2 0.7 0.1 0.1 0.3 0.6 0.0 1.0 0.3 0.4 0.1 0.7) . 95)
((0 0.6 0.0 0.1 0.8 0.5 0.1 0.2 0.0 0.2 0.7 0.1 0.1 0.3 0.7 0.0 1.0 0.3 0.4 0.1 0.7) . 5)
58600
((0 0.6 0.0 0.1 0.8 0.5 0.1 0.2 0.0 0.2 0.7 0.1 0.1 0.3 0.6 0.0 1.0 0.3 0.4 0.1 0.7) . 98)
((0 0.6 0.0 0.1 0.8 0.5 0.1 0.2 0.0 0.2 0.7 0.1 0.1 0.3 0.7 0.0 1.0 0.3 0.4 0.1 0.7) . 2)
58500
((0 0.6 0.0 0.1 0.8 0.5 0.1 0.2 0.0 0.2 0.7 0.1 0.1 0.3 0.6 0.0 1.0 0.3 0.4 0.1 0.7) . 100)
58400
((0 0.6 0.0 0.1 0.8 0.5 0.1 0.2 0.0 0.2 0.7 0.1 0.1 0.3 0.6 0.0 1.0 0.3 0.4 0.1 0.7) . 99)
((0 0.6 0.0 0.1 0.8 0.5 0.1 0.8 0.0 0.2 0.7 0.1 0.1 0.3 0.6 0.0 1.0 0.3 0.4 0.1 0.7) . 1)
58300
((0 0.6 0.0 0.1 0.8 0.5 0.1 0.2 0.0 0.2 0.7 0.1 0.1 0.3 0.6 0.0 1.0 0.3 0.4 0.1 0.7) . 100)
58200
((0 0.6 0.0 0.1 0.8 0.5 0.1 0.2 0.0 0.2 0.7 0.1 0.1 0.3 0.6 0.0 1.0 0.3 0.4 0.1 0.7) . 91)
((0 0.6 0.0 0.1 0.8 0.4 0.1 0.2 0.0 0.2 0.7 0.1 0.1 0.3 0.6 0.0 1.0 0.3 0.4 0.1 0.7) . 9)
58100
((0 0.6 0.0 0.1 0.8 0.5 0.1 0.2 0.0 0.2 0.7 0.1 0.1 0.3 0.6 0.0 1.0 0.3 0.4 0.1 0.7) . 100)
58000
((0 0.6 0.0 0.1 0.8 0.5 0.1 0.2 0.0 0.2 0.7 0.1 0.1 0.3 0.6 0.0 1.0 0.3 0.4 0.1 0.7) . 100)
57900
((0 0.6 0.0 0.1 0.8 0.5 0.1 0.2 0.0 0.2 0.7 0.1 0.1 0.3 0.6 0.0 1.0 0.3 0.4 0.1 0.7) . 96)
((0 0.6 0.0 0.1 0.8 0.5 0.1 0.2 0.0 0.2 0.7 0.0 0.1 0.3 0.6 0.0 1.0 0.3 0.4 0.1 0.7) . 4)
57800
((0 0.6 0.0 0.1 0.8 0.5 0.1 0.2 0.0 0.2 0.7 0.1 0.1 0.3 0.6 0.0 1.0 0.3 0.4 0.1 0.7) . 100)
57700
((0 0.6 0.0 0.1 0.8 0.5 0.1 0.2 0.0 0.2 0.7 0.1 0.1 0.3 0.6 0.0 1.0 0.3 0.4 0.1 0.7) . 97)
((0 0.6 0.0 0.1 0.8 0.5 0.1 0.2 0.0 0.2 0.7 0.1 0.6 0.3 0.6 0.0 1.0 0.3 0.4 0.1 0.7) . 3)
57600
((0 0.6 0.0 0.1 0.8 0.5 0.1 0.2 0.0 0.2 0.7 0.1 0.1 0.3 0.6 0.0 1.0 0.3 0.4 0.1 0.7) . 86)
((0 0.6 0.0 0.1 0.8 0.5 0.1 0.2 0.0 0.2 0.7 0.1 0.1 0.3 0.3 0.0 1.0 0.3 0.4 0.1 0.7) . 14)
57500
((0 0.6 0.0 0.1 0.8 0.5 0.1 0.2 0.0 0.2 0.7 0.1 0.1 0.3 0.6 0.0 1.0 0.3 0.4 0.1 0.7) . 100)
57400
((0 0.6 0.0 0.1 0.8 0.5 0.1 0.2 0.0 0.2 0.7 0.1 0.1 0.3 0.6 0.0 1.0 0.3 0.4 0.1 0.7) . 100)
57300
((0 0.6 0.0 0.1 0.8 0.5 0.1 0.2 0.0 0.2 0.7 0.1 0.1 0.3 0.6 0.0 1.0 0.3 0.4 0.1 0.7) . 99)
((0 0.6 0.0 0.1 0.8 0.8 0.1 0.2 0.0 0.2 0.7 0.1 0.1 0.3 0.6 0.0 1.0 0.3 0.4 0.1 0.7) . 1)
57200
((0 0.6 0.0 0.1 0.8 0.5 0.1 0.2 0.0 0.2 0.7 0.1 0.1 0.3 0.6 0.0 1.0 0.3 0.4 0.1 0.7) . 100)
57100
((0 0.6 0.0 0.1 0.8 0.5 0.1 0.2 0.0 0.2 0.7 0.1 0.1 0.3 0.6 0.0 1.0 0.3 0.4 0.1 0.7) . 93)
((0 0.6 0.0 0.1 0.8 0.5 0.1 0.2 0.0 0.2 0.3 0.1 0.1 0.3 0.6 0.0 1.0 0.3 0.4 0.1 0.7) . 5)
((0 0.8 0.0 0.1 0.8 0.5 0.1 0.2 0.0 0.2 0.7 0.1 0.1 0.3 0.6 0.0 1.0 0.3 0.4 0.1 0.7) . 1)
((0 0.6 0.0 0.1 0.8 0.5 0.1 0.2 0.0 0.2 0.7 0.1 0.1 0.3 0.3 0.0 1.0 0.3 0.4 0.1 0.7) . 1)
57000
((0 0.6 0.0 0.1 0.8 0.5 0.1 0.2 0.0 0.2 0.7 0.1 0.1 0.3 0.6 0.0 1.0 0.3 0.4 0.1 0.7) . 87)
((0 0.6 0.0 0.1 0.8 0.5 0.1 0.2 0.0 0.2 0.3 0.1 0.1 0.3 0.6 0.0 1.0 0.3 0.4 0.1 0.7) . 8)
((0 0.6 0.0 0.1 0.8 0.5 0.1 0.2 0.0 0.2 0.7 0.1 0.1 0.3 0.3 0.0 1.0 0.3 0.4 0.1 0.7) . 4)
((0 0.6 0.0 0.1 0.8 0.5 0.1 0.2 0.0 0.2 0.7 0.1 0.1 0.3 0.7 0.0 1.0 0.3 0.4 0.1 0.7) . 1)
56900
((0 0.6 0.0 0.1 0.8 0.5 0.1 0.2 0.0 0.2 0.7 0.1 0.1 0.3 0.6 0.0 1.0 0.3 0.4 0.1 0.7) . 100)
56800
((0 0.6 0.0 0.1 0.8 0.5 0.1 0.2 0.0 0.2 0.7 0.1 0.1 0.3 0.6 0.0 1.0 0.3 0.4 0.1 0.7) . 100)
56700
((0 0.6 0.0 0.1 0.8 0.5 0.1 0.2 0.0 0.2 0.7 0.1 0.1 0.3 0.6 0.0 1.0 0.3 0.4 0.1 0.7) . 100)
56600
((0 0.6 0.0 0.1 0.8 0.5 0.1 0.2 0.0 0.2 0.7 0.1 0.1 0.3 0.6 0.0 1.0 0.3 0.4 0.1 0.7) . 100)
56500
((0 0.6 0.0 0.1 0.8 0.5 0.1 0.2 0.0 0.2 0.7 0.1 0.1 0.3 0.6 0.0 1.0 0.3 0.4 0.1 0.7) . 100)
56400
((0 0.6 0.0 0.1 0.8 0.5 0.1 0.2 0.0 0.2 0.7 0.1 0.1 0.3 0.6 0.0 1.0 0.3 0.4 0.1 0.7) . 100)
56300
((0 0.6 0.0 0.1 0.8 0.5 0.1 0.2 0.0 0.2 0.7 0.1 0.1 0.3 0.6 0.0 1.0 0.3 0.4 0.1 0.7) . 100)
56200
((0 0.6 0.0 0.1 0.8 0.5 0.1 0.2 0.0 0.2 0.7 0.1 0.1 0.3 0.6 0.0 1.0 0.3 0.4 0.1 0.7) . 100)
56100
((0 0.6 0.0 0.1 0.8 0.5 0.1 0.2 0.0 0.2 0.7 0.1 0.1 0.3 0.6 0.0 1.0 0.3 0.4 0.1 0.7) . 71)
((0 0.2 0.0 0.1 0.8 0.5 0.1 0.2 0.0 0.2 0.7 0.1 0.1 0.3 0.6 0.0 1.0 0.3 0.4 0.1 0.7) . 29)
56000
((0 0.6 0.0 0.1 0.8 0.5 0.1 0.2 0.0 0.2 0.7 0.1 0.1 0.3 0.6 0.0 1.0 0.3 0.4 0.1 0.7) . 86)
((0 0.2 0.0 0.1 0.8 0.5 0.1 0.2 0.0 0.2 0.7 0.1 0.1 0.3 0.6 0.0 1.0 0.3 0.4 0.1 0.7) . 14)
55900
((0 0.6 0.0 0.1 0.8 0.5 0.1 0.2 0.0 0.2 0.7 0.1 0.1 0.3 0.6 0.0 1.0 0.3 0.4 0.1 0.7) . 87)
((0 0.2 0.0 0.1 0.8 0.5 0.1 0.2 0.0 0.2 0.7 0.1 0.1 0.3 0.6 0.0 1.0 0.3 0.4 0.1 0.7) . 9)
((0 0.6 0.4 0.1 0.8 0.5 0.1 0.2 0.0 0.2 0.7 0.1 0.1 0.3 0.6 0.0 1.0 0.3 0.4 0.1 0.7) . 4)
55800
((0 0.6 0.0 0.1 0.8 0.5 0.1 0.2 0.0 0.2 0.7 0.1 0.1 0.3 0.6 0.0 1.0 0.3 0.4 0.1 0.7) . 95)
((0 0.2 0.0 0.1 0.8 0.5 0.1 0.2 0.0 0.2 0.7 0.1 0.1 0.3 0.6 0.0 1.0 0.3 0.4 0.1 0.7) . 5)
55700
((0 0.6 0.0 0.1 0.8 0.5 0.1 0.2 0.0 0.2 0.7 0.1 0.1 0.3 0.6 0.0 1.0 0.3 0.4 0.1 0.7) . 98)
((0 0.2 0.0 0.1 0.8 0.5 0.1 0.2 0.0 0.2 0.7 0.1 0.1 0.3 0.6 0.0 1.0 0.3 0.4 0.1 0.7) . 2)
55600
((0 0.6 0.0 0.1 0.8 0.5 0.1 0.2 0.0 0.2 0.7 0.1 0.1 0.3 0.6 0.0 1.0 0.3 0.4 0.1 0.7) . 100)
55500
((0 0.6 0.0 0.1 0.8 0.5 0.1 0.2 0.0 0.2 0.7 0.1 0.1 0.3 0.6 0.0 1.0 0.3 0.4 0.1 0.7) . 98)
((0 0.6 0.0 0.1 0.8 0.5 0.1 0.2 0.0 0.2 0.7 0.1 0.0 0.3 0.6 0.0 1.0 0.3 0.4 0.1 0.7) . 2)
55400
((0 0.6 0.0 0.1 0.8 0.5 0.1 0.2 0.0 0.2 0.7 0.1 0.1 0.3 0.6 0.0 1.0 0.3 0.4 0.1 0.7) . 100)
55300
((0 0.6 0.0 0.1 0.8 0.5 0.1 0.2 0.0 0.2 0.7 0.1 0.1 0.3 0.6 0.0 1.0 0.3 0.4 0.1 0.7) . 92)
((0 0.3 0.0 0.1 0.8 0.5 0.1 0.2 0.0 0.2 0.7 0.1 0.1 0.3 0.6 0.0 1.0 0.3 0.4 0.1 0.7) . 8)
55200
((0 0.6 0.0 0.1 0.8 0.5 0.1 0.2 0.0 0.2 0.7 0.1 0.1 0.3 0.6 0.0 1.0 0.3 0.4 0.1 0.7) . 90)
((0 0.3 0.0 0.1 0.8 0.5 0.1 0.2 0.0 0.2 0.7 0.1 0.1 0.3 0.6 0.0 1.0 0.3 0.4 0.1 0.7) . 9)
((0 0.6 0.0 0.1 0.2 0.5 0.1 0.2 0.0 0.2 0.7 0.1 0.1 0.3 0.6 0.0 1.0 0.3 0.4 0.1 0.7) . 1)
55100
((0 0.6 0.0 0.1 0.8 0.5 0.1 0.2 0.0 0.2 0.7 0.1 0.1 0.3 0.6 0.0 1.0 0.3 0.4 0.1 0.7) . 89)
((0 0.3 0.0 0.1 0.8 0.5 0.1 0.2 0.0 0.2 0.7 0.1 0.1 0.3 0.6 0.0 1.0 0.3 0.4 0.1 0.7) . 11)
55000
((0 0.6 0.0 0.1 0.8 0.5 0.1 0.2 0.0 0.2 0.7 0.1 0.1 0.3 0.6 0.0 1.0 0.3 0.4 0.1 0.7) . 58)
((0 0.3 0.0 0.1 0.8 0.5 0.1 0.2 0.0 0.2 0.7 0.1 0.1 0.3 0.6 0.0 1.0 0.3 0.4 0.1 0.7) . 41)
((0 0.6 0.0 0.1 0.8 0.5 0.1 0.6 0.0 0.2 0.7 0.1 0.1 0.3 0.6 0.0 1.0 0.3 0.4 0.1 0.7) . 1)
54900
((0 0.3 0.0 0.1 0.8 0.5 0.1 0.2 0.0 0.2 0.7 0.1 0.1 0.3 0.6 0.0 1.0 0.3 0.4 0.1 0.7) . 68)
((0 0.6 0.0 0.1 0.8 0.5 0.1 0.2 0.0 0.2 0.7 0.1 0.1 0.3 0.6 0.0 1.0 0.3 0.4 0.1 0.7) . 31)
((0 0.3 0.0 0.1 0.8 0.5 0.1 0.2 0.0 0.2 0.7 0.4 0.1 0.3 0.6 0.0 1.0 0.3 0.4 0.1 0.7) . 1)
54800
((0 0.6 0.0 0.1 0.8 0.5 0.1 0.2 0.0 0.2 0.7 0.1 0.1 0.3 0.6 0.0 1.0 0.3 0.4 0.1 0.7) . 79)
((0 0.3 0.0 0.1 0.8 0.5 0.1 0.2 0.0 0.2 0.7 0.1 0.1 0.3 0.6 0.0 1.0 0.3 0.4 0.1 0.7) . 21)
54700
((0 0.6 0.0 0.1 0.8 0.5 0.1 0.2 0.0 0.2 0.7 0.1 0.1 0.3 0.6 0.0 1.0 0.3 0.4 0.1 0.7) . 89)
((0 0.3 0.0 0.1 0.8 0.5 0.1 0.2 0.0 0.2 0.7 0.1 0.1 0.3 0.6 0.0 1.0 0.3 0.4 0.1 0.7) . 11)
54600
((0 0.6 0.0 0.1 0.8 0.5 0.1 0.2 0.0 0.2 0.7 0.1 0.1 0.3 0.6 0.0 1.0 0.3 0.4 0.1 0.7) . 100)
54500
((0 0.6 0.0 0.1 0.8 0.5 0.1 0.2 0.0 0.2 0.7 0.1 0.1 0.3 0.6 0.0 1.0 0.3 0.4 0.1 0.7) . 100)
54400
((0 0.6 0.0 0.1 0.8 0.5 0.1 0.2 0.0 0.2 0.7 0.1 0.1 0.3 0.6 0.0 1.0 0.3 0.4 0.1 0.7) . 88)
((0 0.6 0.0 0.1 0.8 0.5 0.1 0.2 0.1 0.2 0.7 0.1 0.1 0.3 0.6 0.0 1.0 0.3 0.4 0.1 0.7) . 6)
((0 0.6 0.0 0.1 0.8 0.5 0.1 0.0 0.0 0.2 0.7 0.1 0.1 0.3 0.6 0.0 1.0 0.3 0.4 0.1 0.7) . 6)
54300
((0 0.6 0.0 0.1 0.8 0.5 0.1 0.2 0.0 0.2 0.7 0.1 0.1 0.3 0.6 0.0 1.0 0.3 0.4 0.1 0.7) . 71)
((0 0.6 0.0 0.1 0.8 0.5 0.1 0.0 0.0 0.2 0.7 0.1 0.1 0.3 0.6 0.0 1.0 0.3 0.4 0.1 0.7) . 22)
((0 0.6 0.0 0.1 0.8 0.5 0.1 0.2 0.1 0.2 0.7 0.1 0.1 0.3 0.6 0.0 1.0 0.3 0.4 0.1 0.7) . 7)
54200
((0 0.6 0.0 0.1 0.8 0.5 0.1 0.2 0.0 0.2 0.7 0.1 0.1 0.3 0.6 0.0 1.0 0.3 0.4 0.1 0.7) . 63)
((0 0.6 0.0 0.1 0.8 0.5 0.1 0.0 0.0 0.2 0.7 0.1 0.1 0.3 0.6 0.0 1.0 0.3 0.4 0.1 0.7) . 37)
54100
((0 0.6 0.0 0.1 0.8 0.5 0.1 0.2 0.0 0.2 0.7 0.1 0.1 0.3 0.6 0.0 1.0 0.3 0.4 0.1 0.7) . 90)
((0 0.6 0.0 0.1 0.8 0.5 0.1 0.0 0.0 0.2 0.7 0.1 0.1 0.3 0.6 0.0 1.0 0.3 0.4 0.1 0.7) . 10)
54000
((0 0.6 0.0 0.1 0.8 0.5 0.1 0.2 0.0 0.2 0.7 0.1 0.1 0.3 0.6 0.0 1.0 0.3 0.4 0.1 0.7) . 90)
((0 0.6 0.0 0.1 0.8 0.5 0.1 0.0 0.0 0.2 0.7 0.1 0.1 0.3 0.6 0.0 1.0 0.3 0.4 0.1 0.7) . 9)
((0 0.6 0.0 0.1 0.8 0.5 0.1 0.2 0.0 0.2 0.7 0.1 0.1 0.3 0.6 0.0 1.0 0.3 0.4 0.2 0.7) . 1)
53900
((0 0.6 0.0 0.1 0.8 0.5 0.1 0.2 0.0 0.2 0.7 0.1 0.1 0.3 0.6 0.0 1.0 0.3 0.4 0.1 0.7) . 88)
((0 0.6 0.0 0.1 0.8 0.5 0.1 0.0 0.0 0.2 0.7 0.1 0.1 0.3 0.6 0.0 1.0 0.3 0.4 0.1 0.7) . 11)
((0 0.6 0.0 0.1 0.8 0.9 0.1 0.2 0.0 0.2 0.7 0.1 0.1 0.3 0.6 0.0 1.0 0.3 0.4 0.1 0.7) . 1)
53800
((0 0.6 0.0 0.1 0.8 0.5 0.1 0.2 0.0 0.2 0.7 0.1 0.1 0.3 0.6 0.0 1.0 0.3 0.4 0.1 0.7) . 81)
((0 0.6 0.0 0.1 0.8 0.5 0.1 0.0 0.0 0.2 0.7 0.1 0.1 0.3 0.6 0.0 1.0 0.3 0.4 0.1 0.7) . 19)
53700
((0 0.6 0.0 0.1 0.8 0.5 0.1 0.2 0.0 0.2 0.7 0.1 0.1 0.3 0.6 0.0 1.0 0.3 0.4 0.1 0.7) . 80)
((0 0.6 0.0 0.1 0.8 0.5 0.1 0.0 0.0 0.2 0.7 0.1 0.1 0.3 0.6 0.0 1.0 0.3 0.4 0.1 0.7) . 20)
53600
((0 0.6 0.0 0.1 0.8 0.5 0.1 0.2 0.0 0.2 0.7 0.1 0.1 0.3 0.6 0.0 1.0 0.3 0.4 0.1 0.7) . 82)
((0 0.8 0.0 0.1 0.8 0.5 0.1 0.2 0.0 0.2 0.7 0.1 0.1 0.3 0.6 0.0 1.0 0.3 0.4 0.1 0.7) . 8)
((0 0.6 0.0 0.1 0.8 0.5 0.1 0.0 0.0 0.2 0.7 0.1 0.1 0.3 0.6 0.0 1.0 0.3 0.4 0.1 0.7) . 8)
((0 0.6 0.0 0.1 0.8 0.5 0.1 0.2 0.0 0.2 0.7 0.1 0.1 0.3 0.6 0.0 1.0 0.3 0.4 0.1 0.6) . 2)
53500
((0 0.6 0.0 0.1 0.8 0.5 0.1 0.2 0.0 0.2 0.7 0.1 0.1 0.3 0.6 0.0 1.0 0.3 0.4 0.1 0.7) . 100)
53400
((0 0.6 0.0 0.1 0.8 0.5 0.1 0.2 0.0 0.2 0.7 0.1 0.1 0.3 0.6 0.0 1.0 0.3 0.4 0.1 0.7) . 100)
53300
((0 0.6 0.0 0.1 0.8 0.5 0.1 0.2 0.0 0.2 0.7 0.1 0.1 0.3 0.6 0.0 1.0 0.3 0.4 0.1 0.7) . 100)
53200
((0 0.6 0.0 0.1 0.8 0.5 0.1 0.2 0.0 0.2 0.7 0.1 0.1 0.3 0.6 0.0 1.0 0.3 0.4 0.1 0.7) . 100)
53100
((0 0.6 0.0 0.1 0.8 0.5 0.1 0.2 0.0 0.2 0.7 0.1 0.1 0.3 0.6 0.0 1.0 0.3 0.4 0.1 0.7) . 97)
((0 0.6 0.0 0.1 0.8 0.5 0.1 0.2 0.0 0.2 0.7 0.1 0.1 0.3 0.6 0.0 1.0 0.2 0.4 0.1 0.7) . 2)
((0 0.6 0.0 0.1 0.8 0.5 0.1 0.2 0.8 0.2 0.7 0.1 0.1 0.3 0.6 0.0 1.0 0.3 0.4 0.1 0.7) . 1)
53000
((0 0.6 0.0 0.1 0.8 0.5 0.1 0.2 0.0 0.2 0.7 0.1 0.1 0.3 0.6 0.0 1.0 0.3 0.4 0.1 0.7) . 95)
((0 0.6 0.0 0.1 0.8 0.5 0.1 0.2 0.0 0.2 0.7 0.1 0.1 0.3 0.4 0.0 1.0 0.3 0.4 0.1 0.7) . 5)
52900
((0 0.6 0.0 0.1 0.8 0.5 0.1 0.2 0.0 0.2 0.7 0.1 0.1 0.3 0.6 0.0 1.0 0.3 0.4 0.1 0.7) . 100)
52800
((0 0.6 0.0 0.1 0.8 0.5 0.1 0.2 0.0 0.2 0.7 0.1 0.1 0.3 0.6 0.0 1.0 0.3 0.4 0.1 0.7) . 96)
((0 0.6 0.0 0.1 0.8 0.5 0.1 0.2 0.0 0.2 0.7 0.1 0.1 0.3 0.6 0.0 0.6 0.3 0.4 0.1 0.7) . 4)
52700
((0 0.6 0.0 0.1 0.8 0.5 0.1 0.2 0.0 0.2 0.7 0.1 0.1 0.3 0.6 0.0 1.0 0.3 0.4 0.1 0.7) . 100)
52600
((0 0.6 0.0 0.1 0.8 0.5 0.1 0.2 0.0 0.2 0.7 0.1 0.1 0.3 0.6 0.0 1.0 0.3 0.4 0.1 0.7) . 100)
52500
((0 0.6 0.0 0.1 0.8 0.5 0.1 0.2 0.0 0.2 0.7 0.1 0.1 0.3 0.6 0.0 1.0 0.3 0.4 0.1 0.7) . 76)
((0 0.6 0.0 0.1 0.8 0.5 0.1 0.2 0.0 0.2 0.7 0.1 0.1 0.3 0.6 0.0 0.5 0.3 0.4 0.1 0.7) . 24)
52400
((0 0.6 0.0 0.1 0.8 0.5 0.1 0.2 0.0 0.2 0.7 0.1 0.1 0.3 0.6 0.0 1.0 0.3 0.4 0.1 0.7) . 83)
((0 0.6 0.0 0.1 0.8 0.5 0.1 0.2 0.0 0.2 0.7 0.1 0.1 0.3 0.6 0.0 0.5 0.3 0.4 0.1 0.7) . 17)
52300
((0 0.6 0.0 0.1 0.8 0.5 0.1 0.2 0.0 0.2 0.7 0.1 0.1 0.3 0.6 0.0 1.0 0.3 0.4 0.1 0.7) . 90)
((0 0.6 0.0 0.1 0.8 0.5 0.1 0.2 0.0 0.2 0.7 0.1 0.1 0.3 0.6 0.0 0.5 0.3 0.4 0.1 0.7) . 9)
((0 0.6 0.2 0.1 0.8 0.5 0.1 0.2 0.0 0.2 0.7 0.1 0.1 0.3 0.6 0.0 1.0 0.3 0.4 0.1 0.7) . 1)
52200
((0 0.6 0.0 0.1 0.8 0.5 0.1 0.2 0.0 0.2 0.7 0.1 0.1 0.3 0.6 0.0 1.0 0.3 0.4 0.1 0.7) . 100)
52100
((0 0.6 0.0 0.1 0.8 0.5 0.1 0.2 0.0 0.2 0.7 0.1 0.1 0.3 0.6 0.0 1.0 0.3 0.4 0.1 0.7) . 89)
((0 0.6 0.0 0.1 0.8 0.5 0.1 0.2 0.0 0.2 0.7 0.1 0.1 0.3 0.6 0.0 1.0 0.3 0.4 0.3 0.7) . 8)
((0 0.6 0.2 0.1 0.8 0.5 0.1 0.2 0.0 0.2 0.7 0.1 0.1 0.3 0.6 0.0 1.0 0.3 0.4 0.3 0.7) . 3)
52000
((0 0.6 0.0 0.1 0.8 0.5 0.1 0.2 0.0 0.2 0.7 0.1 0.1 0.3 0.6 0.0 1.0 0.3 0.4 0.1 0.7) . 100)
51900
((0 0.6 0.0 0.1 0.8 0.5 0.1 0.2 0.0 0.2 0.7 0.1 0.1 0.3 0.6 0.0 1.0 0.3 0.4 0.1 0.7) . 100)
51800
((0 0.6 0.0 0.1 0.8 0.5 0.1 0.2 0.0 0.2 0.7 0.1 0.1 0.3 0.6 0.0 1.0 0.3 0.4 0.1 0.7) . 100)
51700
((0 0.6 0.0 0.1 0.8 0.5 0.1 0.2 0.0 0.2 0.7 0.1 0.1 0.3 0.6 0.0 1.0 0.3 0.4 0.1 0.7) . 100)
51600
((0 0.6 0.0 0.1 0.8 0.5 0.1 0.2 0.0 0.2 0.7 0.1 0.1 0.3 0.6 0.0 1.0 0.3 0.4 0.1 0.7) . 100)
51500
((0 0.6 0.0 0.1 0.8 0.5 0.1 0.2 0.0 0.2 0.7 0.1 0.1 0.3 0.6 0.0 1.0 0.3 0.4 0.1 0.7) . 100)
51400
((0 0.6 0.0 0.1 0.8 0.5 0.1 0.2 0.0 0.2 0.7 0.1 0.1 0.3 0.6 0.0 1.0 0.3 0.4 0.1 0.7) . 100)
51300
((0 0.6 0.0 0.1 0.8 0.5 0.1 0.2 0.0 0.2 0.7 0.1 0.1 0.3 0.6 0.0 1.0 0.3 0.4 0.1 0.7) . 100)
51200
((0 0.6 0.0 0.1 0.8 0.5 0.1 0.2 0.0 0.2 0.7 0.1 0.1 0.3 0.6 0.0 1.0 0.3 0.4 0.1 0.7) . 100)
51100
((0 0.6 0.0 0.1 0.8 0.5 0.1 0.2 0.0 0.2 0.7 0.1 0.1 0.3 0.6 0.0 1.0 0.3 0.4 0.1 0.7) . 86)
((0 0.6 0.0 0.1 0.8 0.5 0.1 0.2 0.0 0.2 0.7 0.9 0.1 0.3 0.6 0.0 1.0 0.3 0.4 0.1 0.7) . 14)
51000
((0 0.6 0.0 0.1 0.8 0.5 0.1 0.2 0.0 0.2 0.7 0.1 0.1 0.3 0.6 0.0 1.0 0.3 0.4 0.1 0.7) . 87)
((0 0.6 0.0 0.1 0.8 0.5 0.1 0.2 0.0 0.2 0.7 0.9 0.1 0.3 0.6 0.0 1.0 0.3 0.4 0.1 0.7) . 13)
50900
((0 0.6 0.0 0.1 0.8 0.5 0.1 0.2 0.0 0.2 0.7 0.1 0.1 0.3 0.6 0.0 1.0 0.3 0.4 0.1 0.7) . 94)
((0 0.6 0.0 0.1 0.8 0.5 0.1 0.2 0.0 0.2 0.7 0.9 0.1 0.3 0.6 0.0 1.0 0.3 0.4 0.1 0.7) . 6)
50800
((0 0.6 0.0 0.1 0.8 0.5 0.1 0.2 0.0 0.2 0.7 0.1 0.1 0.3 0.6 0.0 1.0 0.3 0.4 0.1 0.7) . 99)
((0 0.6 0.0 0.1 0.8 0.8 0.1 0.2 0.0 0.2 0.7 0.1 0.1 0.3 0.6 0.0 1.0 0.3 0.4 0.1 0.7) . 1)
50700
((0 0.6 0.0 0.1 0.8 0.5 0.1 0.2 0.0 0.2 0.7 0.1 0.1 0.3 0.6 0.0 1.0 0.3 0.4 0.1 0.7) . 99)
((0 0.6 0.0 0.1 0.8 0.5 0.1 0.2 0.4 0.2 0.7 0.1 0.1 0.3 0.6 0.0 1.0 0.3 0.4 0.1 0.7) . 1)
50600
((0 0.6 0.0 0.1 0.8 0.5 0.1 0.2 0.0 0.2 0.7 0.1 0.1 0.3 0.6 0.0 1.0 0.3 0.4 0.1 0.7) . 99)
((0 0.6 0.3 0.1 0.8 0.5 0.1 0.2 0.0 0.2 0.7 0.1 0.1 0.3 0.6 0.0 1.0 0.3 0.4 0.1 0.7) . 1)
50500
((0 0.6 0.0 0.1 0.8 0.5 0.1 0.2 0.0 0.2 0.7 0.1 0.1 0.3 0.6 0.0 1.0 0.3 0.4 0.1 0.7) . 100)
50400
((0 0.6 0.0 0.1 0.8 0.5 0.1 0.2 0.0 0.2 0.7 0.1 0.1 0.3 0.6 0.0 1.0 0.3 0.4 0.1 0.7) . 96)
((0 0.6 0.0 0.1 0.8 0.5 0.1 0.2 0.0 0.2 0.7 0.1 0.0 0.3 0.6 0.0 1.0 0.3 0.4 0.1 0.7) . 4)
50300
((0 0.6 0.0 0.1 0.8 0.5 0.1 0.2 0.0 0.2 0.7 0.1 0.1 0.3 0.6 0.0 1.0 0.3 0.4 0.1 0.7) . 95)
((0 0.6 0.0 0.1 0.8 0.5 0.1 0.2 0.0 0.2 0.7 0.1 0.0 0.3 0.6 0.0 1.0 0.3 0.4 0.1 0.7) . 5)
50200
((0 0.6 0.0 0.1 0.8 0.5 0.1 0.2 0.0 0.2 0.7 0.1 0.1 0.3 0.6 0.0 1.0 0.3 0.4 0.1 0.7) . 100)
50100
((0 0.6 0.0 0.1 0.8 0.5 0.1 0.2 0.0 0.2 0.7 0.1 0.1 0.3 0.6 0.0 1.0 0.3 0.4 0.1 0.7) . 100)
50000
((0 0.6 0.0 0.1 0.8 0.5 0.1 0.2 0.0 0.2 0.7 0.1 0.1 0.3 0.6 0.0 1.0 0.3 0.4 0.1 0.7) . 100)
49900
((0 0.6 0.0 0.1 0.8 0.5 0.1 0.2 0.0 0.2 0.7 0.1 0.1 0.3 0.6 0.0 1.0 0.3 0.4 0.1 0.7) . 93)
((0 0.6 0.0 0.1 0.8 0.5 0.1 0.2 0.0 0.0 0.7 0.1 0.1 0.3 0.6 0.0 1.0 0.3 0.4 0.1 0.7) . 5)
((0 0.9 0.0 0.1 0.8 0.5 0.1 0.2 0.0 0.2 0.7 0.1 0.1 0.3 0.6 0.0 1.0 0.3 0.4 0.1 0.7) . 2)
49800
((0 0.6 0.0 0.1 0.8 0.5 0.1 0.2 0.0 0.2 0.7 0.1 0.1 0.3 0.6 0.0 1.0 0.3 0.4 0.1 0.7) . 100)
49700
((0 0.6 0.0 0.1 0.8 0.5 0.1 0.2 0.0 0.2 0.7 0.1 0.1 0.3 0.6 0.0 1.0 0.3 0.4 0.1 0.7) . 97)
((0 0.2 0.0 0.1 0.8 0.5 0.1 0.2 0.0 0.2 0.7 0.1 0.1 0.3 0.6 0.0 1.0 0.3 0.4 0.1 0.7) . 3)
49600
((0 0.6 0.0 0.1 0.8 0.5 0.1 0.2 0.0 0.2 0.7 0.1 0.1 0.3 0.6 0.0 1.0 0.3 0.4 0.1 0.7) . 99)
((0 0.6 0.0 0.1 0.8 0.5 0.1 0.2 0.0 0.2 0.7 0.0 0.1 0.3 0.6 0.0 1.0 0.3 0.4 0.1 0.7) . 1)
49500
((0 0.6 0.0 0.1 0.8 0.5 0.1 0.2 0.0 0.2 0.7 0.1 0.1 0.3 0.6 0.0 1.0 0.3 0.4 0.1 0.7) . 89)
((0 0.6 0.0 0.1 0.8 0.5 0.1 0.2 0.0 0.2 0.7 0.1 0.1 0.3 0.6 0.0 0.7 0.3 0.4 0.1 0.7) . 11)
49400
((0 0.6 0.0 0.1 0.8 0.5 0.1 0.2 0.0 0.2 0.7 0.1 0.1 0.3 0.6 0.0 1.0 0.3 0.4 0.1 0.7) . 74)
((0 0.6 0.0 0.1 0.8 0.5 0.1 0.2 0.0 0.2 0.7 0.1 0.1 0.4 0.6 0.0 1.0 0.3 0.4 0.1 0.7) . 18)
((0 0.6 0.0 0.1 0.8 0.5 0.1 0.2 0.0 0.2 0.7 0.1 0.1 0.3 0.6 0.0 0.7 0.3 0.4 0.1 0.7) . 7)
((0 0.9 0.0 0.1 0.8 0.5 0.1 0.2 0.0 0.2 0.7 0.1 0.1 0.3 0.6 0.0 0.7 0.3 0.4 0.1 0.7) . 1)
49300
((0 0.6 0.0 0.1 0.8 0.5 0.1 0.2 0.0 0.2 0.7 0.1 0.1 0.3 0.6 0.0 1.0 0.3 0.4 0.1 0.7) . 63)
((0 0.6 0.0 0.2 0.8 0.5 0.1 0.2 0.0 0.2 0.7 0.1 0.1 0.3 0.6 0.0 1.0 0.3 0.4 0.1 0.7) . 22)
((0 0.6 0.0 0.1 0.8 0.5 0.1 0.2 0.0 0.2 0.7 0.1 0.1 0.3 0.6 0.0 0.7 0.3 0.4 0.1 0.7) . 15)
49200
((0 0.6 0.0 0.1 0.8 0.5 0.1 0.2 0.0 0.2 0.7 0.1 0.1 0.3 0.6 0.0 1.0 0.3 0.4 0.1 0.7) . 72)
((0 0.6 0.0 0.1 0.8 0.5 0.1 0.2 0.0 0.2 0.7 0.1 0.1 0.3 0.6 0.0 0.7 0.3 0.4 0.1 0.7) . 18)
((0 0.6 0.0 0.2 0.8 0.5 0.1 0.2 0.0 0.2 0.7 0.1 0.1 0.3 0.6 0.0 1.0 0.3 0.4 0.1 0.7) . 10)
49100
((0 0.6 0.0 0.1 0.8 0.5 0.1 0.2 0.0 0.2 0.7 0.1 0.1 0.3 0.6 0.0 1.0 0.3 0.4 0.1 0.7) . 89)
((0 0.6 0.0 0.2 0.8 0.5 0.1 0.2 0.0 0.2 0.7 0.1 0.1 0.3 0.6 0.0 1.0 0.3 0.4 0.1 0.7) . 11)
49000
((0 0.6 0.0 0.1 0.8 0.5 0.1 0.2 0.0 0.2 0.7 0.1 0.1 0.3 0.6 0.0 1.0 0.3 0.4 0.1 0.7) . 100)
48900
((0 0.6 0.0 0.1 0.8 0.5 0.1 0.2 0.0 0.2 0.7 0.1 0.1 0.3 0.6 0.0 1.0 0.3 0.4 0.1 0.7) . 85)
((0 0.6 0.0 0.1 0.8 0.5 0.1 0.1 0.0 0.2 0.7 0.1 0.1 0.3 0.6 0.0 1.0 0.3 0.4 0.1 0.7) . 9)
((0 0.6 0.0 0.1 0.8 0.5 0.1 0.2 0.0 0.2 0.7 0.1 0.1 0.3 0.6 0.0 1.0 0.6 0.4 0.1 0.7) . 4)
((0 0.6 0.0 0.1 0.8 0.5 0.1 0.2 0.0 0.2 0.7 0.1 0.1 0.3 0.6 0.0 0.1 0.3 0.4 0.1 0.7) . 2)
48800
((0 0.6 0.0 0.1 0.8 0.5 0.1 0.2 0.0 0.2 0.7 0.1 0.1 0.3 0.6 0.0 1.0 0.3 0.4 0.1 0.7) . 83)
((0 0.6 0.0 0.1 0.8 0.5 0.1 0.1 0.0 0.2 0.7 0.1 0.1 0.3 0.6 0.0 1.0 0.3 0.4 0.1 0.7) . 17)
48700
((0 0.6 0.0 0.1 0.8 0.5 0.1 0.2 0.0 0.2 0.7 0.1 0.1 0.3 0.6 0.0 1.0 0.3 0.4 0.1 0.7) . 84)
((0 0.6 0.0 0.1 0.8 0.5 0.1 0.1 0.0 0.2 0.7 0.1 0.1 0.3 0.6 0.0 1.0 0.3 0.4 0.1 0.7) . 16)
48600
((0 0.6 0.0 0.1 0.8 0.5 0.1 0.2 0.0 0.2 0.7 0.1 0.1 0.3 0.6 0.0 1.0 0.3 0.4 0.1 0.7) . 85)
((0 0.6 0.0 0.1 0.8 0.5 0.1 0.1 0.0 0.2 0.7 0.1 0.1 0.3 0.6 0.0 1.0 0.3 0.4 0.1 0.7) . 15)
48500
((0 0.6 0.0 0.1 0.8 0.5 0.1 0.2 0.0 0.2 0.7 0.1 0.1 0.3 0.6 0.0 1.0 0.3 0.4 0.1 0.7) . 92)
((0 0.6 0.0 0.1 0.8 0.5 0.1 0.1 0.0 0.2 0.7 0.1 0.1 0.3 0.6 0.0 1.0 0.3 0.4 0.1 0.7) . 7)
((0 0.6 0.0 0.1 0.8 0.5 0.1 0.2 0.0 0.2 0.7 0.1 0.1 0.3 0.6 0.0 1.0 0.1 0.4 0.1 0.7) . 1)
48400
((0 0.6 0.0 0.1 0.8 0.5 0.1 0.2 0.0 0.2 0.7 0.1 0.1 0.3 0.6 0.0 1.0 0.3 0.4 0.1 0.7) . 96)
((0 0.6 0.0 0.1 0.8 0.5 0.1 0.2 0.0 0.2 0.7 0.6 0.1 0.3 0.6 0.0 1.0 0.3 0.4 0.1 0.7) . 4)
48300
((0 0.6 0.0 0.1 0.8 0.5 0.1 0.2 0.0 0.2 0.7 0.1 0.1 0.3 0.6 0.0 1.0 0.3 0.4 0.1 0.7) . 82)
((0 0.6 0.0 0.1 0.8 0.5 0.1 0.2 0.0 0.1 0.7 0.6 0.1 0.3 0.6 0.0 1.0 0.3 0.4 0.1 0.7) . 11)
((0 0.6 0.0 0.1 0.8 0.5 0.1 0.2 0.0 0.2 0.7 0.6 0.1 0.3 0.6 0.0 1.0 0.3 0.4 0.1 0.7) . 5)
((0 0.6 0.0 0.1 0.8 0.5 0.1 0.7 0.0 0.2 0.7 0.1 0.1 0.3 0.6 0.0 1.0 0.3 0.4 0.1 0.7) . 2)
48200
((0 0.6 0.0 0.1 0.8 0.5 0.1 0.2 0.0 0.2 0.7 0.1 0.1 0.3 0.6 0.0 1.0 0.3 0.4 0.1 0.7) . 44)
((0 0.6 0.0 0.1 0.8 0.5 0.1 0.2 0.0 0.1 0.7 0.6 0.1 0.3 0.6 0.0 1.0 0.3 0.4 0.1 0.7) . 33)
((0 0.6 0.0 0.1 0.8 0.5 0.1 0.2 0.0 0.2 0.7 0.6 0.1 0.3 0.6 0.0 1.0 0.3 0.4 0.1 0.7) . 12)
((0 0.6 0.0 0.1 0.8 0.5 0.1 0.2 0.0 0.1 0.9 0.6 0.1 0.3 0.6 0.0 1.0 0.3 0.4 0.1 0.7) . 11)
48100
((0 0.6 0.0 0.1 0.8 0.5 0.1 0.2 0.0 0.2 0.7 0.1 0.1 0.3 0.6 0.0 1.0 0.3 0.4 0.1 0.7) . 54)
((0 0.6 0.0 0.1 0.8 0.5 0.1 0.2 0.0 0.1 0.7 0.6 0.1 0.3 0.6 0.0 1.0 0.3 0.4 0.1 0.7) . 32)
((0 0.6 0.0 0.1 0.8 0.5 0.1 0.2 0.0 0.1 0.9 0.6 0.1 0.3 0.6 0.0 1.0 0.3 0.4 0.1 0.7) . 14)
48000
((0 0.6 0.0 0.1 0.8 0.5 0.1 0.2 0.0 0.2 0.7 0.1 0.1 0.3 0.6 0.0 1.0 0.3 0.4 0.1 0.7) . 49)
((0 0.6 0.0 0.1 0.8 0.5 0.1 0.2 0.0 0.1 0.7 0.6 0.1 0.3 0.6 0.0 1.0 0.3 0.4 0.1 0.7) . 48)
((0 0.6 0.0 0.1 0.8 0.5 0.1 0.2 0.0 0.1 0.9 0.6 0.1 0.3 0.6 0.0 1.0 0.3 0.4 0.1 0.7) . 2)
((0 0.6 0.0 0.1 0.8 0.5 0.1 0.2 0.0 0.2 0.7 0.1 0.1 0.3 0.1 0.0 1.0 0.3 0.4 0.1 0.7) . 1)
47900
((0 0.6 0.0 0.1 0.8 0.5 0.1 0.2 0.0 0.2 0.7 0.1 0.1 0.3 0.6 0.0 1.0 0.3 0.4 0.1 0.7) . 76)
((0 0.6 0.0 0.1 0.8 0.5 0.1 0.2 0.0 0.1 0.7 0.6 0.1 0.3 0.6 0.0 1.0 0.3 0.4 0.1 0.7) . 19)
((0 0.6 0.0 0.1 0.8 0.5 0.1 0.2 0.0 0.2 0.7 0.1 0.1 0.3 0.6 0.0 1.0 0.1 0.4 0.1 0.7) . 5)
47800
((0 0.6 0.0 0.1 0.8 0.5 0.1 0.2 0.0 0.2 0.7 0.1 0.1 0.3 0.6 0.0 1.0 0.3 0.4 0.1 0.7) . 72)
((0 0.6 0.0 0.1 0.8 0.5 0.1 0.2 0.0 0.1 0.7 0.6 0.1 0.3 0.6 0.0 1.0 0.3 0.4 0.1 0.7) . 27)
((0 0.6 0.0 0.1 0.8 0.5 0.1 0.2 0.0 0.2 0.7 0.1 0.1 0.3 0.6 0.0 1.0 0.3 0.4 0.0 0.7) . 1)
47700
((0 0.6 0.0 0.1 0.8 0.5 0.1 0.2 0.0 0.2 0.7 0.1 0.1 0.3 0.6 0.0 1.0 0.3 0.4 0.1 0.7) . 40)
((0 0.6 0.0 0.1 0.8 0.5 0.1 0.2 0.0 0.1 0.7 0.6 0.1 0.3 0.6 0.0 1.0 0.3 0.4 0.1 0.7) . 39)
((0 0.6 0.0 0.1 0.8 0.5 0.1 0.2 0.0 0.2 0.7 0.1 0.1 0.3 0.6 0.0 1.0 0.3 0.2 0.1 0.7) . 14)
((0 0.6 0.0 0.1 0.8 0.5 0.1 0.2 0.0 0.2 0.7 0.1 0.1 0.3 0.6 0.0 1.0 0.3 0.4 0.0 0.7) . 7)
47600
((0 0.6 0.0 0.1 0.8 0.5 0.1 0.2 0.0 0.2 0.7 0.1 0.1 0.3 0.6 0.0 1.0 0.3 0.4 0.1 0.7) . 38)
((0 0.6 0.0 0.1 0.8 0.5 0.1 0.2 0.0 0.1 0.7 0.6 0.1 0.3 0.6 0.0 1.0 0.3 0.4 0.1 0.7) . 36)
((0 0.6 0.0 0.1 0.8 0.5 0.1 0.2 0.0 0.2 0.7 0.1 0.1 0.3 0.6 0.0 1.0 0.3 0.2 0.1 0.7) . 26)
47500
((0 0.6 0.0 0.1 0.8 0.5 0.1 0.2 0.0 0.1 0.7 0.6 0.1 0.3 0.6 0.0 1.0 0.3 0.4 0.1 0.7) . 53)
((0 0.6 0.0 0.1 0.8 0.5 0.1 0.2 0.0 0.2 0.7 0.1 0.1 0.3 0.6 0.0 1.0 0.3 0.4 0.1 0.7) . 45)
((0 0.6 0.0 0.1 0.8 0.5 0.1 0.2 0.0 0.2 0.7 0.1 0.1 0.3 0.6 0.0 1.0 0.3 0.2 0.1 0.7) . 2)
47400
((0 0.6 0.0 0.1 0.8 0.5 0.1 0.2 0.0 0.2 0.7 0.1 0.1 0.3 0.6 0.0 1.0 0.3 0.4 0.1 0.7) . 49)
((0 0.6 0.0 0.1 0.8 0.5 0.1 0.2 0.0 0.1 0.7 0.6 0.1 0.3 0.6 0.0 1.0 0.3 0.4 0.1 0.7) . 25)
((0 0.6 0.0 0.1 0.8 0.5 0.3 0.2 0.0 0.2 0.7 0.1 0.1 0.3 0.6 0.0 1.0 0.3 0.4 0.1 0.7) . 21)
((0 0.6 0.0 0.1 0.8 0.5 0.1 0.2 0.0 0.2 0.7 0.1 0.1 0.3 0.6 0.0 1.0 0.3 0.2 0.1 0.7) . 5)
47300
((0 0.6 0.0 0.1 0.8 0.5 0.3 0.2 0.0 0.2 0.7 0.1 0.1 0.3 0.6 0.0 1.0 0.3 0.4 0.1 0.7) . 49)
((0 0.6 0.0 0.1 0.8 0.5 0.1 0.2 0.0 0.2 0.7 0.1 0.1 0.3 0.6 0.0 1.0 0.3 0.4 0.1 0.7) . 28)
((0 0.6 0.0 0.1 0.8 0.5 0.1 0.2 0.0 0.1 0.7 0.6 0.1 0.3 0.6 0.0 1.0 0.3 0.4 0.1 0.7) . 21)
((0 0.6 0.4 0.1 0.8 0.5 0.3 0.2 0.0 0.2 0.7 0.1 0.1 0.3 0.6 0.0 1.0 0.3 0.4 0.1 0.7) . 2)
47200
((0 0.6 0.0 0.1 0.8 0.5 0.1 0.2 0.0 0.1 0.7 0.6 0.1 0.3 0.6 0.0 1.0 0.3 0.4 0.1 0.7) . 46)
((0 0.6 0.0 0.1 0.8 0.5 0.1 0.2 0.0 0.2 0.7 0.1 0.1 0.3 0.6 0.0 1.0 0.3 0.4 0.1 0.7) . 40)
((0 0.6 0.4 0.1 0.8 0.5 0.3 0.2 0.0 0.2 0.7 0.1 0.1 0.3 0.6 0.0 1.0 0.3 0.4 0.1 0.7) . 8)
((0 0.6 0.0 0.1 0.8 0.5 0.3 0.2 0.0 0.2 0.7 0.1 0.1 0.3 0.6 0.0 1.0 0.3 0.4 0.1 0.7) . 5)
((0 0.6 0.0 0.1 0.8 0.5 0.1 0.2 0.0 0.1 0.7 0.6 0.1 0.3 0.6 0.0 1.0 0.1 0.4 0.1 0.7) . 1)
47100
((0 0.6 0.0 0.1 0.8 0.5 0.1 0.2 0.0 0.2 0.7 0.1 0.1 0.3 0.6 0.0 1.0 0.3 0.4 0.1 0.7) . 58)
((0 0.6 0.0 0.1 0.8 0.5 0.1 0.2 0.0 0.1 0.7 0.6 0.1 0.3 0.6 0.0 1.0 0.3 0.4 0.1 0.7) . 28)
((0 0.6 0.4 0.1 0.8 0.5 0.3 0.2 0.0 0.2 0.7 0.1 0.1 0.3 0.6 0.0 1.0 0.3 0.4 0.1 0.7) . 14)
47000
((0 0.6 0.0 0.1 0.8 0.5 0.1 0.2 0.0 0.2 0.7 0.1 0.1 0.3 0.6 0.0 1.0 0.3 0.4 0.1 0.7) . 58)
((0 0.6 0.4 0.1 0.8 0.5 0.3 0.2 0.0 0.2 0.7 0.1 0.1 0.3 0.6 0.0 1.0 0.3 0.4 0.1 0.7) . 34)
((0 0.6 0.0 0.1 0.8 0.5 0.1 0.2 0.0 0.1 0.7 0.6 0.1 0.3 0.6 0.0 1.0 0.3 0.4 0.1 0.7) . 7)
((0 0.6 0.0 0.1 0.8 0.5 0.1 0.9 0.0 0.2 0.7 0.1 0.1 0.3 0.6 0.0 1.0 0.3 0.4 0.1 0.7) . 1)
46900
((0 0.6 0.0 0.1 0.8 0.5 0.1 0.2 0.0 0.2 0.7 0.1 0.1 0.3 0.6 0.0 1.0 0.3 0.4 0.1 0.7) . 53)
((0 0.6 0.0 0.1 0.8 0.5 0.1 0.2 0.0 0.1 0.7 0.6 0.1 0.3 0.6 0.0 1.0 0.3 0.4 0.1 0.7) . 30)
((0 0.6 0.4 0.1 0.8 0.5 0.3 0.2 0.0 0.2 0.7 0.1 0.1 0.3 0.6 0.0 1.0 0.3 0.4 0.1 0.7) . 15)
((0 0.6 0.0 0.1 0.8 0.5 0.1 0.2 0.0 0.2 0.7 0.1 0.1 0.3 0.2 0.0 1.0 0.3 0.4 0.1 0.7) . 2)
46800
((0 0.6 0.0 0.1 0.8 0.5 0.1 0.2 0.0 0.1 0.7 0.6 0.1 0.3 0.6 0.0 1.0 0.3 0.4 0.1 0.7) . 44)
((0 0.6 0.0 0.1 0.8 0.5 0.1 0.2 0.0 0.2 0.7 0.1 0.1 0.3 0.6 0.0 1.0 0.3 0.4 0.1 0.7) . 30)
((0 0.6 0.0 0.1 0.8 0.5 0.1 0.2 0.0 0.2 0.7 0.1 0.1 0.3 0.2 0.0 1.0 0.3 0.4 0.1 0.7) . 26)
46700
((0 0.6 0.0 0.1 0.8 0.5 0.1 0.2 0.0 0.2 0.7 0.1 0.1 0.3 0.6 0.0 1.0 0.3 0.4 0.1 0.7) . 75)
((0 0.6 0.0 0.1 0.8 0.5 0.1 0.2 0.0 0.2 0.7 0.1 0.1 0.3 0.2 0.0 1.0 0.3 0.4 0.1 0.7) . 17)
((0 0.6 0.0 0.1 0.8 0.5 0.1 0.2 0.0 0.1 0.7 0.6 0.1 0.3 0.6 0.0 1.0 0.3 0.4 0.1 0.7) . 8)
46600
((0 0.6 0.0 0.1 0.8 0.5 0.1 0.2 0.0 0.1 0.7 0.6 0.1 0.3 0.6 0.0 1.0 0.3 0.4 0.1 0.7) . 45)
((0 0.6 0.0 0.1 0.8 0.5 0.1 0.2 0.0 0.2 0.7 0.1 0.1 0.3 0.6 0.0 1.0 0.3 0.4 0.1 0.7) . 27)
((0 0.6 0.0 0.1 0.8 0.5 0.1 0.2 0.0 0.2 0.7 0.1 0.1 0.3 0.2 0.0 1.0 0.3 0.4 0.1 0.7) . 15)
((0 0.6 0.1 0.1 0.8 0.5 0.1 0.2 0.0 0.2 0.7 0.1 0.1 0.3 0.6 0.0 1.0 0.3 0.4 0.1 0.7) . 13)
46500
((0 0.6 0.0 0.1 0.8 0.5 0.1 0.2 0.0 0.1 0.7 0.6 0.1 0.3 0.6 0.0 1.0 0.3 0.4 0.1 0.7) . 46)
((0 0.6 0.0 0.1 0.8 0.5 0.1 0.2 0.0 0.2 0.7 0.1 0.1 0.3 0.6 0.0 1.0 0.3 0.4 0.1 0.7) . 33)
((0 0.6 0.1 0.1 0.8 0.5 0.1 0.2 0.0 0.2 0.7 0.1 0.1 0.3 0.6 0.0 1.0 0.3 0.4 0.1 0.7) . 21)
46400
((0 0.6 0.0 0.1 0.8 0.5 0.1 0.2 0.0 0.2 0.7 0.1 0.1 0.3 0.6 0.0 1.0 0.3 0.4 0.1 0.7) . 39)
((0 0.6 0.1 0.1 0.8 0.5 0.1 0.2 0.0 0.2 0.7 0.1 0.1 0.3 0.6 0.0 1.0 0.3 0.4 0.1 0.7) . 29)
((0 0.6 0.0 0.1 0.8 0.5 0.1 0.2 0.0 0.1 0.7 0.6 0.1 0.3 0.6 0.0 1.0 0.3 0.4 0.1 0.7) . 28)
((0 0.6 0.0 0.1 0.8 0.5 0.1 0.2 0.0 0.1 0.7 0.6 0.1 0.3 0.6 0.0 0.8 0.3 0.4 0.1 0.7) . 4)
46300
((0 0.6 0.0 0.1 0.8 0.5 0.1 0.2 0.0 0.2 0.7 0.1 0.1 0.3 0.6 0.0 1.0 0.3 0.4 0.1 0.7) . 42)
((0 0.6 0.0 0.1 0.8 0.5 0.1 0.2 0.0 0.1 0.7 0.6 0.1 0.3 0.6 0.0 1.0 0.3 0.4 0.1 0.7) . 31)
((0 0.6 0.1 0.1 0.8 0.5 0.1 0.2 0.0 0.2 0.7 0.1 0.1 0.3 0.6 0.0 1.0 0.3 0.4 0.1 0.7) . 27)
46200
((0 0.6 0.1 0.1 0.8 0.5 0.1 0.2 0.0 0.2 0.7 0.1 0.1 0.3 0.6 0.0 1.0 0.3 0.4 0.1 0.7) . 48)
((0 0.6 0.0 0.1 0.8 0.5 0.1 0.2 0.0 0.2 0.7 0.1 0.1 0.3 0.6 0.0 1.0 0.3 0.4 0.1 0.7) . 39)
((0 0.6 0.0 0.1 0.8 0.5 0.1 0.2 0.0 0.1 0.7 0.6 0.1 0.3 0.6 0.0 1.0 0.3 0.4 0.1 0.7) . 13)
46100
((0 0.6 0.0 0.1 0.8 0.5 0.1 0.2 0.0 0.2 0.7 0.1 0.1 0.3 0.6 0.0 1.0 0.3 0.4 0.1 0.7) . 62)
((0 0.6 0.0 0.1 0.8 0.5 0.1 0.2 0.0 0.1 0.7 0.6 0.1 0.3 0.6 0.0 1.0 0.3 0.4 0.1 0.7) . 21)
((0 0.6 0.1 0.1 0.8 0.5 0.1 0.2 0.0 0.2 0.7 0.1 0.1 0.3 0.6 0.0 1.0 0.3 0.4 0.1 0.7) . 17)
46000
((0 0.6 0.0 0.1 0.8 0.5 0.1 0.2 0.0 0.2 0.7 0.1 0.1 0.3 0.6 0.0 1.0 0.3 0.4 0.1 0.7) . 59)
((0 0.6 0.1 0.1 0.8 0.5 0.1 0.2 0.0 0.2 0.7 0.1 0.1 0.3 0.6 0.0 1.0 0.3 0.4 0.1 0.7) . 27)
((0 0.6 0.0 0.1 0.8 0.5 0.1 0.2 0.0 0.1 0.7 0.6 0.1 0.3 0.6 0.0 1.0 0.3 0.4 0.1 0.7) . 14)
45900
((0 0.6 0.0 0.1 0.8 0.5 0.1 0.2 0.0 0.2 0.7 0.1 0.1 0.3 0.6 0.0 1.0 0.3 0.4 0.1 0.7) . 33)
((0 0.6 0.1 0.1 0.8 0.5 0.1 0.2 0.0 0.2 0.7 0.1 0.1 0.3 0.6 0.0 1.0 0.3 0.4 0.1 0.7) . 28)
((0 0.6 0.1 0.1 0.8 0.5 0.1 0.2 0.0 0.2 0.7 0.7 0.1 0.3 0.6 0.0 1.0 0.3 0.4 0.1 0.7) . 26)
((0 0.6 0.0 0.1 0.8 0.5 0.1 0.2 0.0 0.1 0.7 0.6 0.1 0.3 0.6 0.0 1.0 0.3 0.4 0.1 0.7) . 13)
45800
((0 0.6 0.1 0.1 0.8 0.5 0.1 0.2 0.0 0.2 0.7 0.1 0.1 0.3 0.6 0.0 1.0 0.3 0.4 0.1 0.7) . 47)
((0 0.6 0.1 0.1 0.8 0.5 0.1 0.2 0.0 0.2 0.7 0.7 0.1 0.3 0.6 0.0 1.0 0.3 0.4 0.1 0.7) . 36)
((0 0.6 0.0 0.1 0.8 0.5 0.1 0.2 0.0 0.2 0.7 0.1 0.1 0.3 0.6 0.0 1.0 0.3 0.4 0.1 0.7) . 16)
((0 0.6 0.0 0.1 0.8 0.5 0.1 0.2 0.0 0.2 0.7 0.1 0.1 0.3 0.6 0.0 0.2 0.3 0.4 0.1 0.7) . 1)
45700
((0 0.6 0.1 0.1 0.8 0.5 0.1 0.2 0.0 0.2 0.7 0.7 0.1 0.3 0.6 0.0 1.0 0.3 0.4 0.1 0.7) . 43)
((0 0.6 0.1 0.1 0.8 0.5 0.1 0.2 0.0 0.2 0.7 0.1 0.1 0.3 0.6 0.0 1.0 0.3 0.4 0.1 0.7) . 43)
((0 0.6 0.0 0.1 0.8 0.5 0.1 0.2 0.0 0.2 0.7 0.1 0.1 0.3 0.6 0.0 1.0 0.3 0.4 0.1 0.7) . 8)
((0 0.6 0.2 0.1 0.8 0.5 0.1 0.2 0.0 0.2 0.7 0.7 0.1 0.3 0.6 0.0 1.0 0.3 0.4 0.1 0.7) . 6)
45600
((0 0.6 0.1 0.1 0.8 0.5 0.1 0.2 0.0 0.2 0.7 0.1 0.1 0.3 0.6 0.0 1.0 0.3 0.4 0.1 0.7) . 61)
((0 0.6 0.1 0.1 0.8 0.5 0.1 0.2 0.0 0.2 0.7 0.7 0.1 0.3 0.6 0.0 1.0 0.3 0.4 0.1 0.7) . 34)
((0 0.6 0.0 0.1 0.8 0.5 0.1 0.2 0.0 0.2 0.7 0.1 0.1 0.3 0.6 0.0 1.0 0.3 0.4 0.1 0.7) . 5)
45500
((0 0.6 0.1 0.1 0.8 0.5 0.1 0.2 0.0 0.2 0.7 0.7 0.1 0.3 0.6 0.0 1.0 0.3 0.4 0.1 0.7) . 55)
((0 0.6 0.1 0.1 0.8 0.5 0.1 0.2 0.0 0.2 0.7 0.1 0.1 0.3 0.6 0.0 1.0 0.3 0.4 0.1 0.7) . 44)
((0 0.6 0.1 0.1 0.8 0.5 0.1 0.2 0.0 0.2 0.7 0.1 0.1 0.3 0.6 0.0 1.0 0.3 0.4 0.1 0.3) . 1)
45400
((0 0.6 0.1 0.1 0.8 0.5 0.1 0.2 0.0 0.2 0.7 0.1 0.1 0.3 0.6 0.0 1.0 0.3 0.4 0.1 0.7) . 53)
((0 0.6 0.1 0.1 0.8 0.5 0.1 0.2 0.0 0.2 0.7 0.7 0.1 0.3 0.6 0.0 1.0 0.3 0.4 0.1 0.7) . 47)
45300
((0 0.6 0.1 0.1 0.8 0.5 0.1 0.2 0.0 0.2 0.7 0.1 0.1 0.3 0.6 0.0 1.0 0.3 0.4 0.1 0.7) . 52)
((0 0.6 0.1 0.1 0.8 0.5 0.1 0.2 0.0 0.2 0.7 0.7 0.1 0.3 0.6 0.0 1.0 0.3 0.4 0.1 0.7) . 46)
((0 0.6 0.1 0.1 0.8 0.5 0.1 0.2 0.0 0.2 0.7 0.5 0.1 0.3 0.6 0.0 1.0 0.3 0.4 0.1 0.7) . 2)
45200
((0 0.6 0.1 0.1 0.8 0.5 0.1 0.2 0.0 0.2 0.7 0.1 0.1 0.3 0.6 0.0 1.0 0.3 0.4 0.1 0.7) . 78)
((0 0.6 0.1 0.1 0.8 0.5 0.1 0.2 0.0 0.2 0.7 0.7 0.1 0.3 0.6 0.0 1.0 0.3 0.4 0.1 0.7) . 22)
45100
((0 0.6 0.1 0.1 0.8 0.5 0.1 0.2 0.0 0.2 0.7 0.1 0.1 0.3 0.6 0.0 1.0 0.3 0.4 0.1 0.7) . 58)
((0 0.6 0.1 0.1 0.8 0.5 0.1 0.2 0.0 0.2 0.7 0.7 0.1 0.3 0.6 0.0 1.0 0.3 0.4 0.1 0.7) . 42)
45000
((0 0.6 0.1 0.1 0.8 0.5 0.1 0.2 0.0 0.2 0.7 0.1 0.1 0.3 0.6 0.0 1.0 0.3 0.4 0.1 0.7) . 92)
((0 0.6 0.1 0.1 0.8 0.5 0.1 0.2 0.0 0.2 0.7 0.7 0.1 0.3 0.6 0.0 1.0 0.3 0.4 0.1 0.7) . 8)
44900
((0 0.6 0.1 0.1 0.8 0.5 0.1 0.2 0.0 0.2 0.7 0.7 0.1 0.3 0.6 0.0 1.0 0.3 0.4 0.1 0.7) . 53)
((0 0.6 0.1 0.1 0.8 0.5 0.1 0.2 0.0 0.2 0.7 0.1 0.1 0.3 0.6 0.0 1.0 0.3 0.4 0.1 0.7) . 46)
((0 0.6 0.1 0.1 0.8 0.5 0.1 0.1 0.0 0.2 0.7 0.1 0.1 0.3 0.6 0.0 1.0 0.3 0.4 0.1 0.7) . 1)
44800
((0 0.6 0.1 0.1 0.8 0.5 0.1 0.2 0.0 0.2 0.7 0.7 0.1 0.3 0.6 0.0 1.0 0.3 0.4 0.1 0.7) . 70)
((0 0.6 0.1 0.1 0.8 0.5 0.1 0.2 0.0 0.2 0.7 0.1 0.1 0.3 0.6 0.0 1.0 0.3 0.4 0.1 0.7) . 27)
((0 0.6 0.1 0.1 0.8 0.5 0.1 0.1 0.0 0.2 0.7 0.1 0.1 0.3 0.6 0.0 1.0 0.3 0.4 0.1 0.7) . 3)
44700
((0 0.6 0.1 0.1 0.8 0.5 0.1 0.2 0.0 0.2 0.7 0.1 0.1 0.3 0.6 0.0 1.0 0.3 0.4 0.1 0.7) . 73)
((0 0.6 0.1 0.1 0.8 0.5 0.1 0.2 0.0 0.2 0.7 0.7 0.1 0.3 0.6 0.0 1.0 0.3 0.4 0.1 0.7) . 25)
((0 0.6 0.1 0.2 0.8 0.5 0.1 0.2 0.0 0.2 0.7 0.7 0.1 0.3 0.6 0.0 1.0 0.3 0.4 0.1 0.7) . 2)
44600
((0 0.6 0.1 0.1 0.8 0.5 0.1 0.2 0.0 0.2 0.7 0.1 0.1 0.3 0.6 0.0 1.0 0.3 0.4 0.1 0.7) . 69)
((0 0.6 0.1 0.1 0.8 0.5 0.1 0.2 0.0 0.2 0.7 0.7 0.1 0.3 0.6 0.0 1.0 0.3 0.4 0.1 0.7) . 31)
44500
((0 0.6 0.1 0.1 0.8 0.5 0.1 0.2 0.0 0.2 0.7 0.1 0.1 0.3 0.6 0.0 1.0 0.3 0.4 0.1 0.7) . 62)
((0 0.6 0.1 0.1 0.8 0.5 0.1 0.2 0.0 0.2 0.7 0.7 0.1 0.3 0.6 0.0 1.0 0.3 0.4 0.1 0.7) . 37)
((0 0.6 0.1 0.1 0.8 0.5 0.1 0.2 0.0 0.2 0.6 0.7 0.1 0.3 0.6 0.0 1.0 0.3 0.4 0.1 0.7) . 1)
44400
((0 0.6 0.1 0.1 0.8 0.5 0.1 0.2 0.0 0.2 0.7 0.1 0.1 0.3 0.6 0.0 1.0 0.3 0.4 0.1 0.7) . 72)
((0 0.6 0.1 0.1 0.8 0.5 0.1 0.2 0.0 0.2 0.7 0.7 0.1 0.3 0.6 0.0 1.0 0.3 0.4 0.1 0.7) . 28)
44300
((0 0.6 0.1 0.1 0.8 0.5 0.1 0.2 0.0 0.2 0.7 0.1 0.1 0.3 0.6 0.0 1.0 0.3 0.4 0.1 0.7) . 66)
((0 0.6 0.1 0.1 0.8 0.5 0.1 0.2 0.0 0.2 0.7 0.7 0.1 0.3 0.6 0.0 1.0 0.3 0.4 0.1 0.7) . 33)
((0 0.6 0.1 0.1 0.8 0.5 0.1 0.2 0.0 0.2 0.7 0.7 0.1 0.3 0.6 0.0 1.0 0.4 0.4 0.1 0.7) . 1)
44200
((0 0.6 0.1 0.1 0.8 0.5 0.1 0.2 0.0 0.2 0.7 0.1 0.1 0.3 0.6 0.0 1.0 0.3 0.4 0.1 0.7) . 73)
((0 0.6 0.1 0.1 0.8 0.5 0.1 0.2 0.0 0.2 0.7 0.7 0.1 0.3 0.6 0.0 1.0 0.3 0.4 0.1 0.7) . 27)
44100
((0 0.6 0.1 0.1 0.8 0.5 0.1 0.2 0.0 0.2 0.7 0.1 0.1 0.3 0.6 0.0 1.0 0.3 0.4 0.1 0.7) . 58)
((0 0.6 0.1 0.1 0.8 0.5 0.1 0.2 0.0 0.2 0.7 0.7 0.1 0.3 0.6 0.0 1.0 0.3 0.4 0.1 0.7) . 22)
((0 0.6 0.1 0.1 0.2 0.5 0.1 0.2 0.0 0.2 0.7 0.7 0.1 0.3 0.6 0.0 1.0 0.3 0.4 0.1 0.7) . 9)
((0 0.6 0.1 0.1 0.8 0.5 0.1 0.2 0.0 0.2 0.7 0.1 0.1 0.3 0.6 0.0 1.0 0.3 0.2 0.1 0.7) . 9)
((0 0.6 0.1 0.1 0.8 0.5 0.1 0.2 0.0 0.2 0.7 0.1 0.1 0.3 0.6 0.0 1.0 0.3 0.4 0.2 0.7) . 2)
44000
((0 0.6 0.1 0.1 0.8 0.5 0.1 0.2 0.0 0.2 0.7 0.1 0.1 0.3 0.6 0.0 1.0 0.3 0.4 0.1 0.7) . 87)
((0 0.6 0.1 0.1 0.8 0.5 0.1 0.2 0.0 0.2 0.7 0.7 0.1 0.3 0.6 0.0 1.0 0.3 0.4 0.1 0.7) . 13)
43900
((0 0.6 0.1 0.1 0.8 0.5 0.1 0.2 0.0 0.2 0.7 0.1 0.1 0.3 0.6 0.0 1.0 0.3 0.4 0.1 0.7) . 94)
((0 0.6 0.1 0.1 0.8 0.5 0.1 0.2 0.0 0.2 0.7 0.7 0.1 0.3 0.6 0.0 1.0 0.3 0.4 0.1 0.7) . 6)
43800
((0 0.6 0.1 0.1 0.8 0.5 0.1 0.2 0.0 0.2 0.7 0.1 0.1 0.3 0.6 0.0 1.0 0.3 0.4 0.1 0.7) . 100)
43700
((0 0.6 0.1 0.1 0.8 0.5 0.1 0.2 0.0 0.2 0.7 0.1 0.1 0.3 0.6 0.0 1.0 0.3 0.4 0.1 0.7) . 100)
43600
((0 0.6 0.1 0.1 0.8 0.5 0.1 0.2 0.0 0.2 0.7 0.1 0.1 0.3 0.6 0.0 1.0 0.3 0.4 0.1 0.7) . 97)
((0 0.6 0.1 0.1 0.8 0.5 0.1 0.2 0.0 0.2 0.7 0.1 0.1 0.3 0.6 0.0 1.0 0.3 0.4 0.2 0.7) . 2)
((0 0.6 0.1 0.1 0.8 0.5 0.2 0.2 0.0 0.2 0.7 0.1 0.1 0.3 0.6 0.0 1.0 0.3 0.4 0.1 0.7) . 1)
43500
((0 0.6 0.1 0.1 0.8 0.5 0.1 0.2 0.0 0.2 0.7 0.1 0.1 0.3 0.6 0.0 1.0 0.3 0.4 0.1 0.7) . 99)
((0 0.6 0.1 0.1 0.8 0.7 0.1 0.2 0.0 0.2 0.7 0.1 0.1 0.3 0.6 0.0 1.0 0.3 0.4 0.1 0.7) . 1)
43400
((0 0.6 0.1 0.1 0.8 0.5 0.1 0.2 0.0 0.2 0.7 0.1 0.1 0.3 0.6 0.0 1.0 0.3 0.4 0.1 0.7) . 85)
((0 0.6 0.1 0.1 0.9 0.5 0.1 0.2 0.0 0.2 0.7 0.1 0.1 0.3 0.6 0.0 1.0 0.3 0.4 0.1 0.7) . 15)
43300
((0 0.6 0.1 0.1 0.8 0.5 0.1 0.2 0.0 0.2 0.7 0.1 0.1 0.3 0.6 0.0 1.0 0.3 0.4 0.1 0.7) . 100)
43200
((0 0.6 0.1 0.1 0.8 0.5 0.1 0.2 0.0 0.2 0.7 0.1 0.1 0.3 0.6 0.0 1.0 0.3 0.4 0.1 0.7) . 100)
43100
((0 0.6 0.1 0.1 0.8 0.5 0.1 0.2 0.0 0.2 0.7 0.1 0.1 0.3 0.6 0.0 1.0 0.3 0.4 0.1 0.7) . 100)
43000
((0 0.6 0.1 0.1 0.8 0.5 0.1 0.2 0.0 0.2 0.7 0.1 0.1 0.3 0.6 0.0 1.0 0.3 0.4 0.1 0.7) . 99)
((0 0.6 0.1 0.1 0.8 0.5 0.0 0.2 0.0 0.2 0.7 0.1 0.1 0.3 0.6 0.0 1.0 0.3 0.4 0.1 0.7) . 1)
42900
((0 0.6 0.1 0.1 0.8 0.5 0.1 0.2 0.0 0.2 0.7 0.1 0.1 0.3 0.6 0.0 1.0 0.3 0.4 0.1 0.7) . 94)
((0 0.6 0.1 0.1 0.8 0.5 0.0 0.2 0.0 0.2 0.7 0.1 0.1 0.3 0.6 0.0 1.0 0.3 0.4 0.1 0.7) . 4)
((0 0.6 0.1 0.1 0.8 0.5 0.0 0.2 0.0 0.2 0.7 0.1 0.1 0.3 0.7 0.0 1.0 0.3 0.4 0.1 0.7) . 2)
42800
((0 0.6 0.1 0.1 0.8 0.5 0.1 0.2 0.0 0.2 0.7 0.1 0.1 0.3 0.6 0.0 1.0 0.3 0.4 0.1 0.7) . 99)
((0 0.6 0.1 0.1 0.8 0.5 0.1 0.2 0.0 0.2 0.7 0.1 0.1 0.3 0.6 0.0 1.0 0.3 0.2 0.1 0.7) . 1)
42700
((0 0.6 0.1 0.1 0.8 0.5 0.1 0.2 0.0 0.2 0.7 0.1 0.1 0.3 0.6 0.0 1.0 0.3 0.4 0.1 0.7) . 100)
42600
((0 0.6 0.1 0.1 0.8 0.5 0.1 0.2 0.0 0.2 0.7 0.1 0.1 0.3 0.6 0.0 1.0 0.3 0.4 0.1 0.7) . 100)
42500
((0 0.6 0.1 0.1 0.8 0.5 0.1 0.2 0.0 0.2 0.7 0.1 0.1 0.3 0.6 0.0 1.0 0.3 0.4 0.1 0.7) . 100)
42400
((0 0.6 0.1 0.1 0.8 0.5 0.1 0.2 0.0 0.2 0.7 0.1 0.1 0.3 0.6 0.0 1.0 0.3 0.4 0.1 0.7) . 100)
42300
((0 0.6 0.1 0.1 0.8 0.5 0.1 0.2 0.0 0.2 0.7 0.1 0.1 0.3 0.6 0.0 1.0 0.3 0.4 0.1 0.7) . 100)
42200
((0 0.6 0.1 0.1 0.8 0.5 0.1 0.2 0.0 0.2 0.7 0.1 0.1 0.3 0.6 0.0 1.0 0.3 0.4 0.1 0.7) . 100)
42100
((0 0.6 0.1 0.1 0.8 0.5 0.1 0.2 0.0 0.2 0.7 0.1 0.1 0.3 0.6 0.0 1.0 0.3 0.4 0.1 0.7) . 96)
((0 0.6 0.1 0.1 0.8 0.5 0.1 0.2 0.0 0.2 0.7 0.1 0.1 0.4 0.6 0.0 1.0 0.3 0.4 0.1 0.7) . 4)
42000
((0 0.6 0.1 0.1 0.8 0.5 0.1 0.2 0.0 0.2 0.7 0.1 0.1 0.3 0.6 0.0 1.0 0.3 0.4 0.1 0.7) . 99)
((0 0.6 0.1 0.1 0.8 0.5 0.1 0.2 0.0 0.2 0.7 0.1 0.1 0.4 0.6 0.0 1.0 0.3 0.4 0.1 0.7) . 1)
41900
((0 0.6 0.1 0.1 0.8 0.5 0.1 0.2 0.0 0.2 0.7 0.1 0.1 0.3 0.6 0.0 1.0 0.3 0.4 0.1 0.7) . 100)
41800
((0 0.6 0.1 0.1 0.8 0.5 0.1 0.2 0.0 0.2 0.7 0.1 0.1 0.3 0.6 0.0 1.0 0.3 0.4 0.1 0.7) . 99)
((0 0.6 0.1 0.1 0.8 0.5 0.1 0.2 0.0 0.1 0.7 0.1 0.1 0.3 0.6 0.0 1.0 0.3 0.4 0.1 0.7) . 1)
41700
((0 0.6 0.1 0.1 0.8 0.5 0.1 0.2 0.0 0.2 0.7 0.1 0.1 0.3 0.6 0.0 1.0 0.3 0.4 0.1 0.7) . 100)
41600
((0 0.6 0.1 0.1 0.8 0.5 0.1 0.2 0.0 0.2 0.7 0.1 0.1 0.3 0.6 0.0 1.0 0.3 0.4 0.1 0.7) . 99)
((0 0.6 0.1 0.1 0.8 0.5 0.1 0.2 0.0 0.2 0.7 0.1 0.1 0.3 0.6 0.0 1.0 0.3 0.4 0.1 0.6) . 1)
41500
((0 0.6 0.1 0.1 0.8 0.5 0.1 0.2 0.0 0.2 0.7 0.1 0.1 0.3 0.6 0.0 1.0 0.3 0.4 0.1 0.7) . 100)
41400
((0 0.6 0.1 0.1 0.8 0.5 0.1 0.2 0.0 0.2 0.7 0.1 0.1 0.3 0.6 0.0 1.0 0.3 0.4 0.1 0.7) . 100)
41300
((0 0.6 0.1 0.1 0.8 0.5 0.1 0.2 0.0 0.2 0.7 0.1 0.1 0.3 0.6 0.0 1.0 0.3 0.4 0.1 0.7) . 94)
((0 0.6 0.1 0.1 0.8 0.4 0.1 0.2 0.0 0.2 0.7 0.1 0.1 0.3 0.6 0.0 1.0 0.3 0.4 0.1 0.7) . 4)
((0 0.6 0.1 0.1 0.8 0.5 0.1 0.2 0.0 0.0 0.7 0.1 0.1 0.3 0.6 0.0 1.0 0.3 0.4 0.1 0.7) . 2)
41200
((0 0.6 0.1 0.1 0.8 0.5 0.1 0.2 0.0 0.2 0.7 0.1 0.1 0.3 0.6 0.0 1.0 0.3 0.4 0.1 0.7) . 98)
((0 0.6 0.1 0.1 0.8 0.5 0.1 0.2 0.0 0.2 0.2 0.1 0.1 0.3 0.6 0.0 1.0 0.3 0.4 0.1 0.7) . 2)
41100
((0 0.6 0.1 0.1 0.8 0.5 0.1 0.2 0.0 0.2 0.7 0.1 0.1 0.3 0.6 0.0 1.0 0.3 0.4 0.1 0.7) . 91)
((0 0.6 0.1 0.1 0.8 0.5 0.1 0.2 0.0 0.2 0.7 0.1 0.1 0.3 0.6 0.0 1.0 0.3 0.4 0.1 0.8) . 9)
41000
((0 0.6 0.1 0.1 0.8 0.5 0.1 0.2 0.0 0.2 0.7 0.1 0.1 0.3 0.6 0.0 1.0 0.3 0.4 0.1 0.7) . 97)
((0 0.6 0.1 0.1 0.8 0.5 0.3 0.2 0.0 0.2 0.7 0.1 0.1 0.3 0.6 0.0 1.0 0.3 0.4 0.1 0.7) . 3)
40900
((0 0.6 0.1 0.1 0.8 0.5 0.1 0.2 0.0 0.2 0.7 0.1 0.1 0.3 0.6 0.0 1.0 0.3 0.4 0.1 0.7) . 100)
40800
((0 0.6 0.1 0.1 0.8 0.5 0.1 0.2 0.0 0.2 0.7 0.1 0.1 0.3 0.6 0.0 1.0 0.3 0.4 0.1 0.7) . 100)
40700
((0 0.6 0.1 0.1 0.8 0.5 0.1 0.2 0.0 0.2 0.7 0.1 0.1 0.3 0.6 0.0 1.0 0.3 0.4 0.1 0.7) . 100)
40600
((0 0.6 0.1 0.1 0.8 0.5 0.1 0.2 0.0 0.2 0.7 0.1 0.1 0.3 0.6 0.0 1.0 0.3 0.4 0.1 0.7) . 100)
40500
((0 0.6 0.1 0.1 0.8 0.5 0.1 0.2 0.0 0.2 0.7 0.1 0.1 0.3 0.6 0.0 1.0 0.3 0.4 0.1 0.7) . 87)
((0 0.6 0.1 0.1 0.8 0.5 0.1 0.2 0.0 0.2 0.7 0.1 0.1 0.3 0.6 0.0 1.0 0.2 0.4 0.1 0.7) . 7)
((0 0.6 0.1 0.1 0.8 0.5 0.1 0.2 0.0 0.2 0.7 0.1 0.1 0.3 0.6 0.0 1.0 0.3 0.4 0.1 0.8) . 6)
40400
((0 0.6 0.1 0.1 0.8 0.5 0.1 0.2 0.0 0.2 0.7 0.1 0.1 0.3 0.6 0.0 1.0 0.3 0.4 0.1 0.7) . 100)
40300
((0 0.6 0.1 0.1 0.8 0.5 0.1 0.2 0.0 0.2 0.7 0.1 0.1 0.3 0.6 0.0 1.0 0.3 0.4 0.1 0.7) . 100)
40200
((0 0.6 0.1 0.1 0.8 0.5 0.1 0.2 0.0 0.2 0.7 0.1 0.1 0.3 0.6 0.0 1.0 0.3 0.4 0.1 0.7) . 100)
40100
((0 0.6 0.1 0.1 0.8 0.5 0.1 0.2 0.0 0.2 0.7 0.1 0.1 0.3 0.6 0.0 1.0 0.3 0.4 0.1 0.7) . 100)
40000
((0 0.6 0.1 0.1 0.8 0.5 0.1 0.2 0.0 0.2 0.7 0.1 0.1 0.3 0.6 0.0 1.0 0.3 0.4 0.1 0.7) . 100)
39900
((0 0.6 0.1 0.1 0.8 0.5 0.1 0.2 0.0 0.2 0.7 0.1 0.1 0.3 0.6 0.0 1.0 0.3 0.4 0.1 0.7) . 93)
((0 0.6 0.1 0.1 0.8 0.5 0.1 0.2 0.0 0.2 0.7 0.1 0.1 0.3 0.6 0.0 1.0 0.3 0.4 0.1 0.8) . 7)
39800
((0 0.6 0.1 0.1 0.8 0.5 0.1 0.2 0.0 0.2 0.7 0.1 0.1 0.3 0.6 0.0 1.0 0.3 0.4 0.1 0.7) . 98)
((0 0.6 0.1 0.1 0.8 0.5 0.1 0.2 0.0 0.2 0.7 0.1 0.1 0.3 0.6 0.0 1.0 0.4 0.4 0.1 0.7) . 2)
39700
((0 0.6 0.1 0.1 0.8 0.5 0.1 0.2 0.0 0.2 0.7 0.1 0.1 0.3 0.6 0.0 1.0 0.3 0.4 0.1 0.7) . 100)
39600
((0 0.6 0.1 0.1 0.8 0.5 0.1 0.2 0.0 0.2 0.7 0.1 0.1 0.3 0.6 0.0 1.0 0.3 0.4 0.1 0.7) . 100)
39500
((0 0.6 0.1 0.1 0.8 0.5 0.1 0.2 0.0 0.2 0.7 0.1 0.1 0.3 0.6 0.0 1.0 0.3 0.4 0.1 0.7) . 100)
39400
((0 0.6 0.1 0.1 0.8 0.5 0.1 0.2 0.0 0.2 0.7 0.1 0.1 0.3 0.6 0.0 1.0 0.3 0.4 0.1 0.7) . 100)
39300
((0 0.6 0.1 0.1 0.8 0.5 0.1 0.2 0.0 0.2 0.7 0.1 0.1 0.3 0.6 0.0 1.0 0.3 0.4 0.1 0.7) . 100)
39200
((0 0.6 0.1 0.1 0.8 0.5 0.1 0.2 0.0 0.2 0.7 0.1 0.1 0.3 0.6 0.0 1.0 0.3 0.4 0.1 0.7) . 100)
39100
((0 0.6 0.1 0.1 0.8 0.5 0.1 0.2 0.0 0.2 0.7 0.1 0.1 0.3 0.6 0.0 1.0 0.3 0.4 0.1 0.7) . 98)
((0 0.6 0.1 0.1 0.8 0.5 0.5 0.2 0.0 0.2 0.7 0.1 0.1 0.3 0.6 0.0 1.0 0.3 0.4 0.1 0.7) . 2)
39000
((0 0.6 0.1 0.1 0.8 0.5 0.1 0.2 0.0 0.2 0.7 0.1 0.1 0.3 0.6 0.0 1.0 0.3 0.4 0.1 0.7) . 100)
38900
((0 0.6 0.1 0.1 0.8 0.5 0.1 0.2 0.0 0.2 0.7 0.1 0.1 0.3 0.6 0.0 1.0 0.3 0.4 0.1 0.7) . 87)
((0 0.6 0.1 0.1 0.8 0.5 0.1 0.2 0.0 0.2 0.7 0.1 0.1 0.3 0.7 0.0 1.0 0.3 0.4 0.1 0.7) . 12)
((0 0.6 0.1 0.1 0.8 0.5 0.0 0.2 0.0 0.2 0.7 0.1 0.1 0.3 0.6 0.0 1.0 0.3 0.4 0.1 0.7) . 1)
38800
((0 0.6 0.1 0.1 0.8 0.5 0.1 0.2 0.0 0.2 0.7 0.1 0.1 0.3 0.6 0.0 1.0 0.3 0.4 0.1 0.7) . 97)
((0 0.6 0.1 0.1 0.8 0.5 0.1 0.2 0.0 0.2 0.7 0.1 0.1 0.3 0.7 0.0 1.0 0.3 0.4 0.1 0.7) . 3)
38700
((0 0.6 0.1 0.1 0.8 0.5 0.1 0.2 0.0 0.2 0.7 0.1 0.1 0.3 0.6 0.0 1.0 0.3 0.4 0.1 0.7) . 60)
((0 0.6 0.1 0.1 0.8 0.5 0.1 0.2 0.0 0.2 0.7 0.1 0.1 0.3 0.7 0.0 1.0 0.3 0.4 0.1 0.7) . 40)
38600
((0 0.6 0.1 0.1 0.8 0.5 0.1 0.2 0.0 0.2 0.7 0.1 0.1 0.3 0.7 0.0 1.0 0.3 0.4 0.1 0.7) . 70)
((0 0.6 0.1 0.1 0.8 0.5 0.1 0.2 0.0 0.2 0.7 0.1 0.1 0.3 0.6 0.0 1.0 0.3 0.4 0.1 0.7) . 30)
38500
((0 0.6 0.1 0.1 0.8 0.5 0.1 0.2 0.0 0.2 0.7 0.1 0.1 0.3 0.7 0.0 1.0 0.3 0.4 0.1 0.7) . 66)
((0 0.6 0.1 0.1 0.8 0.5 0.1 0.2 0.0 0.2 0.7 0.1 0.1 0.3 0.6 0.0 1.0 0.3 0.4 0.1 0.7) . 34)
38400
((0 0.6 0.1 0.1 0.8 0.5 0.1 0.2 0.0 0.2 0.7 0.1 0.1 0.3 0.7 0.0 1.0 0.3 0.4 0.1 0.7) . 80)
((0 0.6 0.1 0.1 0.8 0.5 0.1 0.2 0.0 0.2 0.7 0.1 0.1 0.3 0.6 0.0 1.0 0.3 0.4 0.1 0.7) . 20)
38300
((0 0.6 0.1 0.1 0.8 0.5 0.1 0.2 0.0 0.2 0.7 0.1 0.1 0.3 0.7 0.0 1.0 0.3 0.4 0.1 0.7) . 80)
((0 0.6 0.1 0.1 0.8 0.5 0.1 0.2 0.0 0.2 0.7 0.1 0.1 0.3 0.6 0.0 1.0 0.3 0.4 0.1 0.7) . 20)
38200
((0 0.6 0.1 0.1 0.8 0.5 0.1 0.2 0.0 0.2 0.7 0.1 0.1 0.3 0.7 0.0 1.0 0.3 0.4 0.1 0.7) . 84)
((0 0.6 0.1 0.1 0.8 0.5 0.1 0.2 0.0 0.2 0.7 0.1 0.1 0.3 0.6 0.0 1.0 0.3 0.4 0.1 0.7) . 16)
38100
((0 0.6 0.1 0.1 0.8 0.5 0.1 0.2 0.0 0.2 0.7 0.1 0.1 0.3 0.7 0.0 1.0 0.3 0.4 0.1 0.7) . 93)
((0 0.6 0.1 0.1 0.8 0.5 0.1 0.2 0.0 0.2 0.7 0.1 0.1 0.3 0.6 0.0 1.0 0.3 0.4 0.1 0.7) . 6)
((0 0.6 0.0 0.1 0.8 0.5 0.1 0.2 0.0 0.2 0.7 0.1 0.1 0.3 0.7 0.0 1.0 0.3 0.4 0.1 0.7) . 1)
38000
((0 0.6 0.1 0.1 0.8 0.5 0.1 0.2 0.0 0.2 0.7 0.1 0.1 0.3 0.7 0.0 1.0 0.3 0.4 0.1 0.7) . 57)
((0 0.6 0.1 0.1 0.8 0.5 0.1 0.2 0.0 0.2 0.7 0.1 0.1 0.3 0.6 0.0 1.0 0.3 0.4 0.1 0.7) . 28)
((0 0.6 0.0 0.1 0.8 0.5 0.1 0.2 0.0 0.2 0.7 0.1 0.1 0.3 0.7 0.0 1.0 0.3 0.4 0.1 0.7) . 9)
((0 0.6 0.1 0.1 0.8 0.5 0.3 0.2 0.0 0.2 0.7 0.1 0.1 0.3 0.7 0.0 1.0 0.3 0.4 0.1 0.7) . 3)
((0 0.7 0.0 0.1 0.8 0.5 0.1 0.2 0.0 0.2 0.7 0.1 0.1 0.3 0.7 0.0 1.0 0.3 0.4 0.1 0.7) . 2)
((0 0.7 0.1 0.1 0.8 0.5 0.3 0.2 0.0 0.2 0.7 0.1 0.1 0.3 0.7 0.0 1.0 0.3 0.4 0.1 0.7) . 1)
37900
((0 0.6 0.1 0.1 0.8 0.5 0.1 0.2 0.0 0.2 0.7 0.1 0.1 0.3 0.7 0.0 1.0 0.3 0.4 0.1 0.7) . 77)
((0 0.6 0.1 0.1 0.8 0.5 0.1 0.2 0.0 0.2 0.7 0.1 0.1 0.3 0.6 0.0 1.0 0.3 0.4 0.1 0.7) . 11)
((0 0.6 0.1 0.1 0.8 0.5 0.3 0.2 0.0 0.2 0.7 0.1 0.1 0.3 0.7 0.0 1.0 0.3 0.4 0.1 0.7) . 4)
((0 0.6 0.0 0.1 0.8 0.5 0.1 0.2 0.0 0.2 0.7 0.1 0.1 0.3 0.7 0.0 1.0 0.3 0.4 0.1 0.7) . 4)
((0 0.7 0.0 0.1 0.8 0.5 0.1 0.2 0.0 0.2 0.7 0.1 0.1 0.3 0.7 0.0 1.0 0.3 0.4 0.1 0.7) . 4)
37800
((0 0.6 0.1 0.1 0.8 0.5 0.1 0.2 0.0 0.2 0.7 0.1 0.1 0.3 0.7 0.0 1.0 0.3 0.4 0.1 0.7) . 88)
((0 0.6 0.1 0.1 0.8 0.5 0.1 0.2 0.0 0.2 0.7 0.1 0.1 0.3 0.6 0.0 1.0 0.3 0.4 0.1 0.7) . 12)
37700
((0 0.6 0.1 0.1 0.8 0.5 0.1 0.2 0.0 0.2 0.7 0.1 0.1 0.3 0.7 0.0 1.0 0.3 0.4 0.1 0.7) . 100)
37600
((0 0.6 0.1 0.1 0.8 0.5 0.1 0.2 0.0 0.2 0.7 0.1 0.1 0.3 0.7 0.0 1.0 0.3 0.4 0.1 0.7) . 100)
37500
((0 0.6 0.1 0.1 0.8 0.5 0.1 0.2 0.0 0.2 0.7 0.1 0.1 0.3 0.7 0.0 1.0 0.3 0.4 0.1 0.7) . 100)
37400
((0 0.6 0.1 0.1 0.8 0.5 0.1 0.2 0.0 0.2 0.7 0.1 0.1 0.3 0.7 0.0 1.0 0.3 0.4 0.1 0.7) . 96)
((0 0.6 0.1 0.1 0.8 0.5 0.1 0.2 0.0 0.2 0.7 0.1 0.1 0.3 0.7 0.0 0.3 0.3 0.4 0.1 0.7) . 4)
37300
((0 0.6 0.1 0.1 0.8 0.5 0.1 0.2 0.0 0.2 0.7 0.1 0.1 0.3 0.7 0.0 1.0 0.3 0.4 0.1 0.7) . 100)
37200
((0 0.6 0.1 0.1 0.8 0.5 0.1 0.2 0.0 0.2 0.7 0.1 0.1 0.3 0.7 0.0 1.0 0.3 0.4 0.1 0.7) . 100)
37100
((0 0.6 0.1 0.1 0.8 0.5 0.1 0.2 0.0 0.2 0.7 0.1 0.1 0.3 0.7 0.0 1.0 0.3 0.4 0.1 0.7) . 100)
37000
((0 0.6 0.1 0.1 0.8 0.5 0.1 0.2 0.0 0.2 0.7 0.1 0.1 0.3 0.7 0.0 1.0 0.3 0.4 0.1 0.7) . 98)
((0 0.6 0.1 0.1 0.8 0.5 0.1 0.2 0.0 0.2 0.7 0.1 0.1 0.3 0.7 0.0 1.0 0.3 0.4 0.2 0.7) . 2)
36900
((0 0.6 0.1 0.1 0.8 0.5 0.1 0.2 0.0 0.2 0.7 0.1 0.1 0.3 0.7 0.0 1.0 0.3 0.4 0.1 0.7) . 100)
36800
((0 0.6 0.1 0.1 0.8 0.5 0.1 0.2 0.0 0.2 0.7 0.1 0.1 0.3 0.7 0.0 1.0 0.3 0.4 0.1 0.7) . 98)
((0 0.6 0.1 0.1 0.8 0.5 0.1 0.2 0.0 0.2 0.7 0.1 0.1 0.3 0.7 0.0 1.0 0.3 0.6 0.1 0.7) . 2)
36700
((0 0.6 0.1 0.1 0.8 0.5 0.1 0.2 0.0 0.2 0.7 0.1 0.1 0.3 0.7 0.0 1.0 0.3 0.4 0.1 0.7) . 96)
((0 0.6 0.1 0.1 0.8 0.5 0.1 0.2 0.0 0.2 0.7 0.1 0.1 0.2 0.7 0.0 1.0 0.3 0.4 0.1 0.7) . 4)
36600
((0 0.6 0.1 0.1 0.8 0.5 0.1 0.2 0.0 0.2 0.7 0.1 0.1 0.3 0.7 0.0 1.0 0.3 0.4 0.1 0.7) . 99)
((0 0.6 0.1 0.1 0.8 0.5 0.1 0.2 0.0 0.2 0.5 0.1 0.1 0.3 0.7 0.0 1.0 0.3 0.4 0.1 0.7) . 1)
36500
((0 0.6 0.1 0.1 0.8 0.5 0.1 0.2 0.0 0.2 0.7 0.1 0.1 0.3 0.7 0.0 1.0 0.3 0.4 0.1 0.7) . 95)
((0 0.6 0.1 0.1 0.8 0.5 0.1 0.2 0.0 0.2 0.7 0.1 0.3 0.3 0.7 0.0 1.0 0.3 0.4 0.1 0.7) . 5)
36400
((0 0.6 0.1 0.1 0.8 0.5 0.1 0.2 0.0 0.2 0.7 0.1 0.1 0.3 0.7 0.0 1.0 0.3 0.4 0.1 0.7) . 100)
36300
((0 0.6 0.1 0.1 0.8 0.5 0.1 0.2 0.0 0.2 0.7 0.1 0.1 0.3 0.7 0.0 1.0 0.3 0.4 0.1 0.7) . 100)
36200
((0 0.6 0.1 0.1 0.8 0.5 0.1 0.2 0.0 0.2 0.7 0.1 0.1 0.3 0.7 0.0 1.0 0.3 0.4 0.1 0.7) . 99)
((0 0.6 0.1 0.1 0.8 0.5 0.1 0.2 0.0 0.2 0.5 0.0 0.1 0.3 0.7 0.0 1.0 0.3 0.4 0.1 0.7) . 1)
36100
((0 0.6 0.1 0.1 0.8 0.5 0.1 0.2 0.0 0.2 0.7 0.1 0.1 0.3 0.7 0.0 1.0 0.3 0.4 0.1 0.7) . 97)
((0 0.6 0.1 0.1 0.2 0.5 0.1 0.2 0.0 0.2 0.7 0.1 0.1 0.3 0.7 0.0 1.0 0.3 0.4 0.1 0.7) . 3)
36000
((0 0.6 0.1 0.1 0.8 0.5 0.1 0.2 0.0 0.2 0.7 0.1 0.1 0.3 0.7 0.0 1.0 0.3 0.4 0.1 0.7) . 100)
35900
((0 0.6 0.1 0.1 0.8 0.5 0.1 0.2 0.0 0.2 0.7 0.1 0.1 0.3 0.7 0.0 1.0 0.3 0.4 0.1 0.7) . 100)
35800
((0 0.6 0.1 0.1 0.8 0.5 0.1 0.2 0.0 0.2 0.7 0.1 0.1 0.3 0.7 0.0 1.0 0.3 0.4 0.1 0.7) . 100)
35700
((0 0.6 0.1 0.1 0.8 0.5 0.1 0.2 0.0 0.2 0.7 0.1 0.1 0.3 0.7 0.0 1.0 0.3 0.4 0.1 0.7) . 100)
35600
((0 0.6 0.1 0.1 0.8 0.5 0.1 0.2 0.0 0.2 0.7 0.1 0.1 0.3 0.7 0.0 1.0 0.3 0.4 0.1 0.7) . 100)
35500
((0 0.6 0.1 0.1 0.8 0.5 0.1 0.2 0.0 0.2 0.7 0.1 0.1 0.3 0.7 0.0 1.0 0.3 0.4 0.1 0.7) . 100)
35400
((0 0.6 0.1 0.1 0.8 0.5 0.1 0.2 0.0 0.2 0.7 0.1 0.1 0.3 0.7 0.0 1.0 0.3 0.4 0.1 0.7) . 99)
((0 0.6 0.1 0.1 0.8 0.5 0.1 0.8 0.0 0.2 0.7 0.1 0.1 0.3 0.7 0.0 1.0 0.3 0.4 0.1 0.7) . 1)
35300
((0 0.6 0.1 0.1 0.8 0.5 0.1 0.2 0.0 0.2 0.7 0.1 0.1 0.3 0.7 0.0 1.0 0.3 0.4 0.1 0.7) . 100)
35200
((0 0.6 0.1 0.1 0.8 0.5 0.1 0.2 0.0 0.2 0.7 0.1 0.1 0.3 0.7 0.0 1.0 0.3 0.4 0.1 0.7) . 100)
35100
((0 0.6 0.1 0.1 0.8 0.5 0.1 0.2 0.0 0.2 0.7 0.1 0.1 0.3 0.7 0.0 1.0 0.3 0.4 0.1 0.7) . 100)
35000
((0 0.6 0.1 0.1 0.8 0.5 0.1 0.2 0.0 0.2 0.7 0.1 0.1 0.3 0.7 0.0 1.0 0.3 0.4 0.1 0.7) . 100)
34900
((0 0.6 0.1 0.1 0.8 0.5 0.1 0.2 0.0 0.2 0.7 0.1 0.1 0.3 0.7 0.0 1.0 0.3 0.4 0.1 0.7) . 100)
34800
((0 0.6 0.1 0.1 0.8 0.5 0.1 0.2 0.0 0.2 0.7 0.1 0.1 0.3 0.7 0.0 1.0 0.3 0.4 0.1 0.7) . 99)
((0 0.5 0.1 0.1 0.8 0.5 0.1 0.2 0.0 0.2 0.7 0.1 0.1 0.3 0.7 0.0 1.0 0.3 0.4 0.1 0.7) . 1)
34700
((0 0.6 0.1 0.1 0.8 0.5 0.1 0.2 0.0 0.2 0.7 0.1 0.1 0.3 0.7 0.0 1.0 0.3 0.4 0.1 0.7) . 100)
34600
((0 0.6 0.1 0.1 0.8 0.5 0.1 0.2 0.0 0.2 0.7 0.1 0.1 0.3 0.7 0.0 1.0 0.3 0.4 0.1 0.7) . 99)
((0 0.6 0.1 0.1 0.8 0.5 0.1 0.2 0.0 0.2 0.7 0.1 0.1 0.3 0.7 0.0 1.0 0.5 0.4 0.1 0.7) . 1)
34500
((0 0.6 0.1 0.1 0.8 0.5 0.1 0.2 0.0 0.2 0.7 0.1 0.1 0.3 0.7 0.0 1.0 0.3 0.4 0.1 0.7) . 100)
34400
((0 0.6 0.1 0.1 0.8 0.5 0.1 0.2 0.0 0.2 0.7 0.1 0.1 0.3 0.7 0.0 1.0 0.3 0.4 0.1 0.7) . 100)
34300
((0 0.6 0.1 0.1 0.8 0.5 0.1 0.2 0.0 0.2 0.7 0.1 0.1 0.3 0.7 0.0 1.0 0.3 0.4 0.1 0.7) . 100)
34200
((0 0.6 0.1 0.1 0.8 0.5 0.1 0.2 0.0 0.2 0.7 0.1 0.1 0.3 0.7 0.0 1.0 0.3 0.4 0.1 0.7) . 99)
((0 0.6 0.1 0.1 0.9 0.5 0.1 0.2 0.0 0.2 0.7 0.1 0.1 0.3 0.7 0.0 1.0 0.3 0.4 0.1 0.7) . 1)
34100
((0 0.6 0.1 0.1 0.8 0.5 0.1 0.2 0.0 0.2 0.7 0.1 0.1 0.3 0.7 0.0 1.0 0.3 0.4 0.1 0.7) . 100)
34000
((0 0.6 0.1 0.1 0.8 0.5 0.1 0.2 0.0 0.2 0.7 0.1 0.1 0.3 0.7 0.0 1.0 0.3 0.4 0.1 0.7) . 100)
33900
((0 0.6 0.1 0.1 0.8 0.5 0.1 0.2 0.0 0.2 0.7 0.1 0.1 0.3 0.7 0.0 1.0 0.3 0.4 0.1 0.7) . 99)
((0 0.6 0.1 0.1 0.8 0.5 0.1 0.2 0.0 0.2 0.7 0.1 0.1 0.3 0.7 0.0 1.0 0.3 0.4 0.0 0.7) . 1)
33800
((0 0.6 0.1 0.1 0.8 0.5 0.1 0.2 0.0 0.2 0.7 0.1 0.1 0.3 0.7 0.0 1.0 0.3 0.4 0.1 0.7) . 100)
33700
((0 0.6 0.1 0.1 0.8 0.5 0.1 0.2 0.0 0.2 0.7 0.1 0.1 0.3 0.7 0.0 1.0 0.3 0.4 0.1 0.7) . 86)
((0 0.3 0.1 0.1 0.8 0.5 0.1 0.2 0.0 0.2 0.7 0.1 0.1 0.3 0.7 0.0 1.0 0.3 0.4 0.1 0.7) . 14)
33600
((0 0.6 0.1 0.1 0.8 0.5 0.1 0.2 0.0 0.2 0.7 0.1 0.1 0.3 0.7 0.0 1.0 0.3 0.4 0.1 0.7) . 98)
((0 0.6 0.1 0.1 0.8 0.5 0.1 0.2 0.0 0.2 0.7 0.1 0.1 0.3 0.7 0.0 0.4 0.3 0.4 0.1 0.7) . 2)
33500
((0 0.6 0.1 0.1 0.8 0.5 0.1 0.2 0.0 0.2 0.7 0.1 0.1 0.3 0.7 0.0 1.0 0.3 0.4 0.1 0.7) . 100)
33400
((0 0.6 0.1 0.1 0.8 0.5 0.1 0.2 0.0 0.2 0.7 0.1 0.1 0.3 0.7 0.0 1.0 0.3 0.4 0.1 0.7) . 99)
((0 0.0 0.1 0.1 0.8 0.5 0.1 0.2 0.0 0.2 0.7 0.1 0.1 0.3 0.7 0.0 1.0 0.3 0.4 0.1 0.7) . 1)
33300
((0 0.6 0.1 0.1 0.8 0.5 0.1 0.2 0.0 0.2 0.7 0.1 0.1 0.3 0.7 0.0 1.0 0.3 0.4 0.1 0.7) . 100)
33200
((0 0.6 0.1 0.1 0.8 0.5 0.1 0.2 0.0 0.2 0.7 0.1 0.1 0.3 0.7 0.0 1.0 0.3 0.4 0.1 0.7) . 100)
33100
((0 0.6 0.1 0.1 0.8 0.5 0.1 0.2 0.0 0.2 0.7 0.1 0.1 0.3 0.7 0.0 1.0 0.3 0.4 0.1 0.7) . 100)
33000
((0 0.6 0.1 0.1 0.8 0.5 0.1 0.2 0.0 0.2 0.7 0.1 0.1 0.3 0.7 0.0 1.0 0.3 0.4 0.1 0.7) . 100)
32900
((0 0.6 0.1 0.1 0.8 0.5 0.1 0.2 0.0 0.2 0.7 0.1 0.1 0.3 0.7 0.0 1.0 0.3 0.4 0.1 0.7) . 100)
32800
((0 0.6 0.1 0.1 0.8 0.5 0.1 0.2 0.0 0.2 0.7 0.1 0.1 0.3 0.7 0.0 1.0 0.3 0.4 0.1 0.7) . 100)
32700
((0 0.6 0.1 0.1 0.8 0.5 0.1 0.2 0.0 0.2 0.7 0.1 0.1 0.3 0.7 0.0 1.0 0.3 0.4 0.1 0.7) . 87)
((0 0.6 0.1 0.1 0.8 0.5 0.1 0.2 0.0 0.2 0.7 0.1 0.1 0.3 0.7 0.0 1.0 0.3 0.4 0.1 0.9) . 13)
32600
((0 0.6 0.1 0.1 0.8 0.5 0.1 0.2 0.0 0.2 0.7 0.1 0.1 0.3 0.7 0.0 1.0 0.3 0.4 0.1 0.7) . 37)
((0 0.6 0.1 0.1 0.8 0.5 0.1 0.2 0.0 0.2 0.7 0.1 0.1 0.3 0.7 0.0 1.0 0.3 0.4 0.1 0.9) . 35)
((0 0.6 0.1 0.1 0.8 0.5 0.1 0.0 0.0 0.2 0.7 0.1 0.1 0.3 0.7 0.0 1.0 0.3 0.4 0.1 0.7) . 28)
32500
((0 0.6 0.1 0.1 0.8 0.5 0.1 0.2 0.0 0.2 0.7 0.1 0.1 0.3 0.7 0.0 1.0 0.3 0.4 0.1 0.9) . 76)
((0 0.6 0.1 0.1 0.8 0.5 0.1 0.2 0.0 0.2 0.7 0.1 0.1 0.3 0.7 0.0 1.0 0.3 0.4 0.1 0.7) . 18)
((0 0.6 0.1 0.1 0.8 0.5 0.1 0.0 0.0 0.2 0.7 0.1 0.1 0.3 0.7 0.0 1.0 0.3 0.4 0.1 0.7) . 5)
((0 0.6 0.1 0.1 0.8 0.5 0.1 0.2 0.0 0.2 0.7 0.2 0.1 0.3 0.7 0.0 1.0 0.3 0.4 0.1 0.9) . 1)
32400
((0 0.6 0.1 0.1 0.8 0.5 0.1 0.2 0.0 0.2 0.7 0.1 0.1 0.3 0.7 0.0 1.0 0.3 0.4 0.1 0.9) . 64)
((0 0.6 0.1 0.1 0.8 0.5 0.1 0.0 0.0 0.2 0.7 0.1 0.1 0.3 0.7 0.0 1.0 0.3 0.4 0.1 0.7) . 21)
((0 0.6 0.1 0.1 0.8 0.5 0.1 0.2 0.0 0.2 0.7 0.1 0.1 0.3 0.7 0.0 1.0 0.3 0.4 0.1 0.7) . 15)
32300
((0 0.6 0.1 0.1 0.8 0.5 0.1 0.2 0.0 0.2 0.7 0.1 0.1 0.3 0.7 0.0 1.0 0.3 0.4 0.1 0.9) . 95)
((0 0.6 0.1 0.1 0.8 0.5 0.1 0.0 0.0 0.2 0.7 0.1 0.1 0.3 0.7 0.0 1.0 0.3 0.4 0.1 0.7) . 5)
32200
((0 0.6 0.1 0.1 0.8 0.5 0.1 0.2 0.0 0.2 0.7 0.1 0.1 0.3 0.7 0.0 1.0 0.3 0.4 0.1 0.9) . 93)
((0 0.6 0.1 0.1 0.8 0.5 0.1 0.2 0.0 0.1 0.7 0.1 0.1 0.3 0.7 0.0 1.0 0.3 0.4 0.1 0.9) . 7)
32100
((0 0.6 0.1 0.1 0.8 0.5 0.1 0.2 0.0 0.2 0.7 0.1 0.1 0.3 0.7 0.0 1.0 0.3 0.4 0.1 0.9) . 99)
((0 0.6 0.1 0.1 0.8 0.5 0.1 0.2 0.0 0.1 0.7 0.1 0.1 0.3 0.7 0.0 1.0 0.3 0.4 0.1 0.9) . 1)
32000
((0 0.6 0.1 0.1 0.8 0.5 0.1 0.2 0.0 0.2 0.7 0.1 0.1 0.3 0.7 0.0 1.0 0.3 0.4 0.1 0.9) . 100)
31900
((0 0.6 0.1 0.1 0.8 0.5 0.1 0.2 0.0 0.2 0.7 0.1 0.1 0.3 0.7 0.0 1.0 0.3 0.4 0.1 0.9) . 100)
31800
((0 0.6 0.1 0.1 0.8 0.5 0.1 0.2 0.0 0.2 0.7 0.1 0.1 0.3 0.7 0.0 1.0 0.3 0.4 0.1 0.9) . 100)
31700
((0 0.6 0.1 0.1 0.8 0.5 0.1 0.2 0.0 0.2 0.7 0.1 0.1 0.3 0.7 0.0 1.0 0.3 0.4 0.1 0.9) . 100)
31600
((0 0.6 0.1 0.1 0.8 0.5 0.1 0.2 0.0 0.2 0.7 0.1 0.1 0.3 0.7 0.0 1.0 0.3 0.4 0.1 0.9) . 100)
31500
((0 0.6 0.1 0.1 0.8 0.5 0.1 0.2 0.0 0.2 0.7 0.1 0.1 0.3 0.7 0.0 1.0 0.3 0.4 0.1 0.9) . 95)
((0 0.6 0.1 0.1 0.8 0.5 0.3 0.2 0.0 0.2 0.7 0.1 0.1 0.3 0.7 0.0 1.0 0.3 0.4 0.1 0.9) . 5)
31400
((0 0.6 0.1 0.1 0.8 0.5 0.1 0.2 0.0 0.2 0.7 0.1 0.1 0.3 0.7 0.0 1.0 0.3 0.4 0.1 0.9) . 76)
((0 0.6 0.1 0.1 0.8 0.5 0.3 0.2 0.0 0.2 0.7 0.1 0.1 0.3 0.7 0.0 1.0 0.3 0.4 0.1 0.9) . 24)
31300
((0 0.6 0.1 0.1 0.8 0.5 0.3 0.2 0.0 0.2 0.7 0.1 0.1 0.3 0.7 0.0 1.0 0.3 0.4 0.1 0.9) . 78)
((0 0.6 0.1 0.1 0.8 0.5 0.1 0.2 0.0 0.2 0.7 0.1 0.1 0.3 0.7 0.0 1.0 0.3 0.4 0.1 0.9) . 22)
31200
((0 0.6 0.1 0.1 0.8 0.5 0.3 0.2 0.0 0.2 0.7 0.1 0.1 0.3 0.7 0.0 1.0 0.3 0.4 0.1 0.9) . 95)
((0 0.6 0.1 0.1 0.8 0.5 0.1 0.2 0.0 0.2 0.7 0.1 0.1 0.3 0.7 0.0 1.0 0.3 0.4 0.1 0.9) . 5)
31100
((0 0.6 0.1 0.1 0.8 0.5 0.3 0.2 0.0 0.2 0.7 0.1 0.1 0.3 0.7 0.0 1.0 0.3 0.4 0.1 0.9) . 97)
((0 0.6 0.1 0.1 0.8 0.5 0.3 0.2 0.0 0.2 0.7 0.0 0.1 0.3 0.7 0.0 1.0 0.3 0.4 0.1 0.9) . 2)
((0 0.6 0.1 0.1 0.8 0.5 0.3 0.2 0.0 0.2 0.7 0.1 0.1 0.3 0.6 0.0 1.0 0.3 0.4 0.1 0.9) . 1)
31000
((0 0.6 0.1 0.1 0.8 0.5 0.3 0.2 0.0 0.2 0.7 0.1 0.1 0.3 0.7 0.0 1.0 0.3 0.4 0.1 0.9) . 84)
((0 0.6 0.1 0.1 0.8 0.5 0.3 0.2 0.0 0.2 0.7 0.0 0.1 0.3 0.7 0.0 1.0 0.3 0.4 0.1 0.9) . 15)
((0 0.6 0.1 0.1 0.8 0.5 0.3 0.2 0.0 0.3 0.7 0.1 0.1 0.3 0.7 0.0 1.0 0.3 0.4 0.1 0.9) . 1)
30900
((0 0.6 0.1 0.1 0.8 0.5 0.3 0.2 0.0 0.2 0.7 0.1 0.1 0.3 0.7 0.0 1.0 0.3 0.4 0.1 0.9) . 95)
((0 0.6 0.1 0.1 0.8 0.5 0.2 0.2 0.0 0.2 0.7 0.1 0.1 0.3 0.7 0.0 1.0 0.3 0.4 0.1 0.9) . 5)
30800
((0 0.6 0.1 0.1 0.8 0.5 0.3 0.2 0.0 0.2 0.7 0.1 0.1 0.3 0.7 0.0 1.0 0.3 0.4 0.1 0.9) . 94)
((0 0.6 0.1 0.1 0.8 0.5 0.2 0.2 0.0 0.2 0.7 0.1 0.1 0.3 0.7 0.0 1.0 0.3 0.4 0.1 0.9) . 3)
((0 0.6 0.1 0.1 0.8 0.6 0.3 0.2 0.0 0.2 0.7 0.1 0.1 0.3 0.7 0.0 1.0 0.3 0.4 0.1 0.9) . 2)
((0 0.6 0.1 0.1 0.8 0.5 0.3 0.2 0.0 0.2 0.7 0.1 0.1 0.3 0.7 0.0 1.0 0.3 0.4 0.1 0.4) . 1)
30700
((0 0.6 0.1 0.1 0.8 0.5 0.3 0.2 0.0 0.2 0.7 0.1 0.1 0.3 0.7 0.0 1.0 0.3 0.4 0.1 0.9) . 100)
30600
((0 0.6 0.1 0.1 0.8 0.5 0.3 0.2 0.0 0.2 0.7 0.1 0.1 0.3 0.7 0.0 1.0 0.3 0.4 0.1 0.9) . 100)
30500
((0 0.6 0.1 0.1 0.8 0.5 0.3 0.2 0.0 0.2 0.7 0.1 0.1 0.3 0.7 0.0 1.0 0.3 0.4 0.1 0.9) . 100)
30400
((0 0.6 0.1 0.1 0.8 0.5 0.3 0.2 0.0 0.2 0.7 0.1 0.1 0.3 0.7 0.0 1.0 0.3 0.4 0.1 0.9) . 100)
30300
((0 0.6 0.1 0.1 0.8 0.5 0.3 0.2 0.0 0.2 0.7 0.1 0.1 0.3 0.7 0.0 1.0 0.3 0.4 0.1 0.9) . 100)
30200
((0 0.6 0.1 0.1 0.8 0.5 0.3 0.2 0.0 0.2 0.7 0.1 0.1 0.3 0.7 0.0 1.0 0.3 0.4 0.1 0.9) . 100)
30100
((0 0.6 0.1 0.1 0.8 0.5 0.3 0.2 0.0 0.2 0.7 0.1 0.1 0.3 0.7 0.0 1.0 0.3 0.4 0.1 0.9) . 98)
((0 0.6 0.1 0.1 0.8 0.5 0.0 0.2 0.0 0.2 0.7 0.1 0.1 0.3 0.7 0.0 1.0 0.3 0.4 0.1 0.9) . 2)
30000
((0 0.6 0.1 0.1 0.8 0.5 0.3 0.2 0.0 0.2 0.7 0.1 0.1 0.3 0.7 0.0 1.0 0.3 0.4 0.1 0.9) . 100)
29900
((0 0.6 0.1 0.1 0.8 0.5 0.3 0.2 0.0 0.2 0.7 0.1 0.1 0.3 0.7 0.0 1.0 0.3 0.4 0.1 0.9) . 100)
29800
((0 0.6 0.1 0.1 0.8 0.5 0.3 0.2 0.0 0.2 0.7 0.1 0.1 0.3 0.7 0.0 1.0 0.3 0.4 0.1 0.9) . 100)
29700
((0 0.6 0.1 0.1 0.8 0.5 0.3 0.2 0.0 0.2 0.7 0.1 0.1 0.3 0.7 0.0 1.0 0.3 0.4 0.1 0.9) . 100)
29600
((0 0.6 0.1 0.1 0.8 0.5 0.3 0.2 0.0 0.2 0.7 0.1 0.1 0.3 0.7 0.0 1.0 0.3 0.4 0.1 0.9) . 100)
29500
((0 0.6 0.1 0.1 0.8 0.5 0.3 0.2 0.0 0.2 0.7 0.1 0.1 0.3 0.7 0.0 1.0 0.3 0.4 0.1 0.9) . 100)
29400
((0 0.6 0.1 0.1 0.8 0.5 0.3 0.2 0.0 0.2 0.7 0.1 0.1 0.3 0.7 0.0 1.0 0.3 0.4 0.1 0.9) . 99)
((0 0.6 0.1 0.1 0.8 0.5 0.3 0.2 0.0 0.2 0.7 0.1 0.1 0.3 0.7 0.0 1.0 0.3 0.6 0.1 0.9) . 1)
29300
((0 0.6 0.1 0.1 0.8 0.5 0.3 0.2 0.0 0.2 0.7 0.1 0.1 0.3 0.7 0.0 1.0 0.3 0.4 0.1 0.9) . 99)
((0 0.6 0.1 0.1 0.8 0.5 0.3 0.2 0.0 0.2 0.7 0.1 0.1 0.3 0.7 0.0 1.0 0.3 0.6 0.1 0.9) . 1)
29200
((0 0.6 0.1 0.1 0.8 0.5 0.3 0.2 0.0 0.2 0.7 0.1 0.1 0.3 0.7 0.0 1.0 0.3 0.4 0.1 0.9) . 100)
29100
((0 0.6 0.1 0.1 0.8 0.5 0.3 0.2 0.0 0.2 0.7 0.1 0.1 0.3 0.7 0.0 1.0 0.3 0.4 0.1 0.9) . 96)
((0 0.6 0.1 0.1 0.8 0.5 0.3 0.2 0.0 0.2 0.7 0.1 0.1 0.3 0.2 0.0 1.0 0.3 0.4 0.1 0.9) . 3)
((0 0.6 0.1 0.1 0.8 0.5 0.3 0.2 0.0 0.2 0.7 0.1 0.1 0.3 0.7 0.0 1.0 0.3 0.5 0.1 0.9) . 1)
29000
((0 0.6 0.1 0.1 0.8 0.5 0.3 0.2 0.0 0.2 0.7 0.1 0.1 0.3 0.7 0.0 1.0 0.3 0.4 0.1 0.9) . 94)
((0 0.6 0.1 0.1 0.8 0.5 0.3 0.2 0.0 0.2 0.7 0.1 0.1 0.3 0.2 0.0 1.0 0.3 0.4 0.1 0.9) . 6)
28900
((0 0.6 0.1 0.1 0.8 0.5 0.3 0.2 0.0 0.2 0.7 0.1 0.1 0.3 0.7 0.0 1.0 0.3 0.4 0.1 0.9) . 94)
((0 0.6 0.1 0.1 0.8 0.5 0.3 0.2 0.0 0.2 0.7 0.1 0.1 0.3 0.2 0.0 1.0 0.3 0.4 0.1 0.9) . 4)
((0 0.7 0.1 0.1 0.8 0.5 0.3 0.2 0.0 0.2 0.7 0.1 0.1 0.3 0.7 0.0 1.0 0.3 0.4 0.1 0.9) . 2)
28800
((0 0.6 0.1 0.1 0.8 0.5 0.3 0.2 0.0 0.2 0.7 0.1 0.1 0.3 0.7 0.0 1.0 0.3 0.4 0.1 0.9) . 100)
28700
((0 0.6 0.1 0.1 0.8 0.5 0.3 0.2 0.0 0.2 0.7 0.1 0.1 0.3 0.7 0.0 1.0 0.3 0.4 0.1 0.9) . 100)
28600
((0 0.6 0.1 0.1 0.8 0.5 0.3 0.2 0.0 0.2 0.7 0.1 0.1 0.3 0.7 0.0 1.0 0.3 0.4 0.1 0.9) . 99)
((0 0.6 0.1 0.0 0.8 0.5 0.3 0.2 0.0 0.2 0.7 0.1 0.1 0.3 0.7 0.0 1.0 0.3 0.4 0.1 0.9) . 1)
28500
((0 0.6 0.1 0.1 0.8 0.5 0.3 0.2 0.0 0.2 0.7 0.1 0.1 0.3 0.7 0.0 1.0 0.3 0.4 0.1 0.9) . 100)
28400
((0 0.6 0.1 0.1 0.8 0.5 0.3 0.2 0.0 0.2 0.7 0.1 0.1 0.3 0.7 0.0 1.0 0.3 0.4 0.1 0.9) . 91)
((0 0.6 0.1 0.1 0.8 0.5 0.3 0.2 0.0 0.2 0.7 0.1 0.1 0.3 0.7 0.0 1.0 0.3 0.4 0.1 0.8) . 7)
((0 0.6 0.1 0.1 0.8 0.5 0.3 0.2 0.0 0.2 0.7 0.1 0.1 0.3 0.7 0.0 1.0 0.5 0.4 0.1 0.8) . 2)
28300
((0 0.6 0.1 0.1 0.8 0.5 0.3 0.2 0.0 0.2 0.7 0.1 0.1 0.3 0.7 0.0 1.0 0.3 0.4 0.1 0.9) . 89)
((0 0.6 0.1 0.1 0.8 0.5 0.3 0.2 0.0 0.2 0.7 0.1 0.1 0.3 0.7 0.0 1.0 0.3 0.4 0.1 0.8) . 11)
28200
((0 0.6 0.1 0.1 0.8 0.5 0.3 0.2 0.0 0.2 0.7 0.1 0.1 0.3 0.7 0.0 1.0 0.3 0.4 0.1 0.9) . 82)
((0 0.6 0.1 0.1 0.8 0.5 0.3 0.2 0.0 0.2 0.7 0.1 0.1 0.3 0.7 0.0 1.0 0.3 0.4 0.1 0.8) . 18)
28100
((0 0.6 0.1 0.1 0.8 0.5 0.3 0.2 0.0 0.2 0.7 0.1 0.1 0.3 0.7 0.0 1.0 0.3 0.4 0.1 0.9) . 81)
((0 0.6 0.1 0.1 0.8 0.5 0.3 0.2 0.0 0.2 0.7 0.1 0.1 0.3 0.7 0.0 1.0 0.3 0.4 0.1 0.8) . 17)
((0 0.6 0.1 0.1 0.8 0.5 0.3 0.2 0.0 0.2 0.6 0.1 0.1 0.3 0.7 0.0 1.0 0.3 0.4 0.1 0.8) . 2)
28000
((0 0.6 0.1 0.1 0.8 0.5 0.3 0.2 0.0 0.2 0.7 0.1 0.1 0.3 0.7 0.0 1.0 0.3 0.4 0.1 0.9) . 100)
27900
((0 0.6 0.1 0.1 0.8 0.5 0.3 0.2 0.0 0.2 0.7 0.1 0.1 0.3 0.7 0.0 1.0 0.3 0.4 0.1 0.9) . 99)
((0 0.6 0.1 0.1 0.8 0.5 0.3 0.2 0.0 0.2 0.7 0.1 0.1 0.3 0.7 0.0 1.0 0.3 0.5 0.1 0.9) . 1)
27800
((0 0.6 0.1 0.1 0.8 0.5 0.3 0.2 0.0 0.2 0.7 0.1 0.1 0.3 0.7 0.0 1.0 0.3 0.4 0.1 0.9) . 100)
27700
((0 0.6 0.1 0.1 0.8 0.5 0.3 0.2 0.0 0.2 0.7 0.1 0.1 0.3 0.7 0.0 1.0 0.3 0.4 0.1 0.9) . 100)
27600
((0 0.6 0.1 0.1 0.8 0.5 0.3 0.2 0.0 0.2 0.7 0.1 0.1 0.3 0.7 0.0 1.0 0.3 0.4 0.1 0.9) . 100)
27500
((0 0.6 0.1 0.1 0.8 0.5 0.3 0.2 0.0 0.2 0.7 0.1 0.1 0.3 0.7 0.0 1.0 0.3 0.4 0.1 0.9) . 100)
27400
((0 0.6 0.1 0.1 0.8 0.5 0.3 0.2 0.0 0.2 0.7 0.1 0.1 0.3 0.7 0.0 1.0 0.3 0.4 0.1 0.9) . 100)
27300
((0 0.6 0.1 0.1 0.8 0.5 0.3 0.2 0.0 0.2 0.7 0.1 0.1 0.3 0.7 0.0 1.0 0.3 0.4 0.1 0.9) . 100)
27200
((0 0.6 0.1 0.1 0.8 0.5 0.3 0.2 0.0 0.2 0.7 0.1 0.1 0.3 0.7 0.0 1.0 0.3 0.4 0.1 0.9) . 93)
((0 0.6 0.1 0.1 0.8 0.3 0.3 0.2 0.0 0.2 0.7 0.1 0.1 0.3 0.7 0.0 1.0 0.3 0.4 0.1 0.9) . 6)
((0 0.6 0.1 0.1 0.8 0.5 0.3 0.2 0.0 0.2 0.7 0.1 0.1 0.3 0.7 0.0 1.0 0.4 0.4 0.1 0.9) . 1)
27100
((0 0.6 0.1 0.1 0.8 0.5 0.3 0.2 0.0 0.2 0.7 0.1 0.1 0.3 0.7 0.0 1.0 0.3 0.4 0.1 0.9) . 92)
((0 0.6 0.1 0.1 0.8 0.3 0.3 0.2 0.0 0.2 0.7 0.1 0.1 0.3 0.7 0.0 1.0 0.3 0.4 0.1 0.9) . 5)
((0 0.6 0.1 0.1 0.8 0.5 0.4 0.2 0.0 0.2 0.7 0.1 0.1 0.3 0.7 0.0 1.0 0.3 0.4 0.1 0.9) . 3)
27000
((0 0.6 0.1 0.1 0.8 0.5 0.3 0.2 0.0 0.2 0.7 0.1 0.1 0.3 0.7 0.0 1.0 0.3 0.4 0.1 0.9) . 53)
((0 0.6 0.1 0.1 0.8 0.3 0.3 0.2 0.0 0.2 0.7 0.1 0.1 0.3 0.7 0.0 1.0 0.3 0.4 0.1 0.9) . 47)
26900
((0 0.6 0.1 0.1 0.8 0.3 0.3 0.2 0.0 0.2 0.7 0.1 0.1 0.3 0.7 0.0 1.0 0.3 0.4 0.1 0.9) . 55)
((0 0.6 0.1 0.1 0.8 0.5 0.3 0.2 0.0 0.2 0.7 0.1 0.1 0.3 0.7 0.0 1.0 0.3 0.4 0.1 0.9) . 45)
26800
((0 0.6 0.1 0.1 0.8 0.3 0.3 0.2 0.0 0.2 0.7 0.1 0.1 0.3 0.7 0.0 1.0 0.3 0.4 0.1 0.9) . 65)
((0 0.6 0.1 0.1 0.8 0.5 0.3 0.2 0.0 0.2 0.7 0.1 0.1 0.3 0.7 0.0 1.0 0.3 0.4 0.1 0.9) . 35)
26700
((0 0.6 0.1 0.1 0.8 0.3 0.3 0.2 0.0 0.2 0.7 0.1 0.1 0.3 0.7 0.0 1.0 0.3 0.4 0.1 0.9) . 71)
((0 0.6 0.1 0.1 0.8 0.5 0.3 0.2 0.0 0.2 0.7 0.1 0.1 0.3 0.7 0.0 1.0 0.3 0.4 0.1 0.9) . 24)
((0 0.6 0.1 0.1 0.8 0.5 0.3 0.2 0.0 0.2 0.7 0.1 0.3 0.3 0.7 0.0 1.0 0.3 0.4 0.1 0.9) . 5)
26600
((0 0.6 0.1 0.1 0.8 0.3 0.3 0.2 0.0 0.2 0.7 0.1 0.1 0.3 0.7 0.0 1.0 0.3 0.4 0.1 0.9) . 96)
((0 0.6 0.1 0.1 0.8 0.5 0.3 0.2 0.0 0.2 0.7 0.1 0.1 0.3 0.7 0.0 1.0 0.3 0.4 0.1 0.9) . 4)
26500
((0 0.6 0.1 0.1 0.8 0.3 0.3 0.2 0.0 0.2 0.7 0.1 0.1 0.3 0.7 0.0 1.0 0.3 0.4 0.1 0.9) . 100)
26400
((0 0.6 0.1 0.1 0.8 0.3 0.3 0.2 0.0 0.2 0.7 0.1 0.1 0.3 0.7 0.0 1.0 0.3 0.4 0.1 0.9) . 100)
26300
((0 0.6 0.1 0.1 0.8 0.3 0.3 0.2 0.0 0.2 0.7 0.1 0.1 0.3 0.7 0.0 1.0 0.3 0.4 0.1 0.9) . 100)
26200
((0 0.6 0.1 0.1 0.8 0.3 0.3 0.2 0.0 0.2 0.7 0.1 0.1 0.3 0.7 0.0 1.0 0.3 0.4 0.1 0.9) . 100)
26100
((0 0.6 0.1 0.1 0.8 0.3 0.3 0.2 0.0 0.2 0.7 0.1 0.1 0.3 0.7 0.0 1.0 0.3 0.4 0.1 0.9) . 100)
26000
((0 0.6 0.1 0.1 0.8 0.3 0.3 0.2 0.0 0.2 0.7 0.1 0.1 0.3 0.7 0.0 1.0 0.3 0.4 0.1 0.9) . 96)
((0 0.6 0.1 0.1 0.4 0.3 0.3 0.2 0.0 0.2 0.7 0.1 0.1 0.3 0.7 0.0 1.0 0.3 0.4 0.1 0.9) . 4)
25900
((0 0.6 0.1 0.1 0.8 0.3 0.3 0.2 0.0 0.2 0.7 0.1 0.1 0.3 0.7 0.0 1.0 0.3 0.4 0.1 0.9) . 99)
((0 0.6 0.1 0.1 0.8 0.3 0.4 0.2 0.0 0.2 0.7 0.1 0.1 0.3 0.7 0.0 1.0 0.3 0.4 0.1 0.9) . 1)
25800
((0 0.6 0.1 0.1 0.8 0.3 0.3 0.2 0.0 0.2 0.7 0.1 0.1 0.3 0.7 0.0 1.0 0.3 0.4 0.1 0.9) . 93)
((0 0.6 0.1 0.1 0.8 0.3 0.3 0.2 0.0 0.2 0.7 0.1 0.1 0.3 0.7 0.0 1.0 0.5 0.4 0.1 0.9) . 7)
25700
((0 0.6 0.1 0.1 0.8 0.3 0.3 0.2 0.0 0.2 0.7 0.1 0.1 0.3 0.7 0.0 1.0 0.3 0.4 0.1 0.9) . 96)
((0 0.6 0.1 0.1 0.8 0.3 0.3 0.2 0.0 0.2 0.7 0.1 0.1 0.3 0.7 0.0 1.0 0.5 0.4 0.1 0.9) . 3)
((0 0.6 0.1 0.0 0.8 0.3 0.3 0.2 0.0 0.2 0.7 0.1 0.1 0.3 0.7 0.0 1.0 0.3 0.4 0.1 0.9) . 1)
25600
((0 0.6 0.1 0.1 0.8 0.3 0.3 0.2 0.0 0.2 0.7 0.1 0.1 0.3 0.7 0.0 1.0 0.3 0.4 0.1 0.9) . 90)
((0 0.6 0.1 0.1 0.8 0.3 0.3 0.2 0.0 0.2 0.7 0.1 0.1 0.3 0.7 0.0 1.0 0.5 0.4 0.1 0.9) . 10)
25500
((0 0.6 0.1 0.1 0.8 0.3 0.3 0.2 0.0 0.2 0.7 0.1 0.1 0.3 0.7 0.0 1.0 0.5 0.4 0.1 0.9) . 62)
((0 0.6 0.1 0.1 0.8 0.3 0.3 0.2 0.0 0.2 0.7 0.1 0.1 0.3 0.7 0.0 1.0 0.3 0.4 0.1 0.9) . 36)
((0 0.6 0.1 0.1 0.8 0.3 0.3 0.2 0.0 0.2 0.5 0.1 0.1 0.3 0.7 0.0 1.0 0.3 0.4 0.1 0.9) . 2)
25400
((0 0.6 0.1 0.1 0.8 0.3 0.3 0.2 0.0 0.2 0.7 0.1 0.1 0.3 0.7 0.0 1.0 0.5 0.4 0.1 0.9) . 55)
((0 0.6 0.1 0.1 0.8 0.3 0.3 0.2 0.0 0.2 0.7 0.1 0.1 0.3 0.7 0.0 1.0 0.3 0.4 0.1 0.9) . 45)
25300
((0 0.6 0.1 0.1 0.8 0.3 0.3 0.2 0.0 0.2 0.7 0.1 0.1 0.3 0.7 0.0 1.0 0.3 0.4 0.1 0.9) . 55)
((0 0.6 0.1 0.1 0.8 0.3 0.3 0.2 0.0 0.2 0.7 0.1 0.1 0.3 0.7 0.0 1.0 0.5 0.4 0.1 0.9) . 45)
25200
((0 0.6 0.1 0.1 0.8 0.3 0.3 0.2 0.0 0.2 0.7 0.1 0.1 0.3 0.7 0.0 1.0 0.3 0.4 0.1 0.9) . 66)
((0 0.6 0.1 0.1 0.8 0.3 0.3 0.2 0.0 0.2 0.7 0.1 0.1 0.3 0.7 0.0 1.0 0.5 0.4 0.1 0.9) . 34)
25100
((0 0.6 0.1 0.1 0.8 0.3 0.3 0.2 0.0 0.2 0.7 0.1 0.1 0.3 0.7 0.0 1.0 0.3 0.4 0.1 0.9) . 79)
((0 0.6 0.1 0.1 0.8 0.3 0.3 0.2 0.0 0.2 0.7 0.1 0.1 0.3 0.7 0.0 1.0 0.5 0.4 0.1 0.9) . 20)
((0 0.6 0.1 0.1 0.8 0.3 0.1 0.2 0.0 0.2 0.7 0.1 0.1 0.3 0.7 0.0 1.0 0.3 0.4 0.1 0.9) . 1)
25000
((0 0.6 0.1 0.1 0.8 0.3 0.3 0.2 0.0 0.2 0.7 0.1 0.1 0.3 0.7 0.0 1.0 0.3 0.4 0.1 0.9) . 69)
((0 0.6 0.1 0.1 0.8 0.3 0.3 0.2 0.0 0.2 0.7 0.1 0.1 0.3 0.7 0.0 1.0 0.5 0.4 0.1 0.9) . 25)
((0 0.6 0.1 0.1 0.8 0.3 0.3 0.2 0.2 0.2 0.7 0.1 0.1 0.3 0.7 0.0 1.0 0.3 0.4 0.1 0.9) . 5)
((0 0.2 0.1 0.1 0.8 0.3 0.3 0.2 0.0 0.2 0.7 0.1 0.1 0.3 0.7 0.0 1.0 0.3 0.4 0.1 0.9) . 1)
24900
((0 0.6 0.1 0.1 0.8 0.3 0.3 0.2 0.0 0.2 0.7 0.1 0.1 0.3 0.7 0.0 1.0 0.3 0.4 0.1 0.9) . 84)
((0 0.6 0.1 0.1 0.8 0.3 0.3 0.2 0.2 0.2 0.7 0.1 0.1 0.3 0.7 0.0 1.0 0.3 0.4 0.1 0.9) . 15)
((0 0.6 0.0 0.1 0.8 0.3 0.3 0.2 0.0 0.2 0.7 0.1 0.1 0.3 0.7 0.0 1.0 0.3 0.4 0.1 0.9) . 1)
24800
((0 0.6 0.1 0.1 0.8 0.3 0.3 0.2 0.0 0.2 0.7 0.1 0.1 0.3 0.7 0.0 1.0 0.3 0.4 0.1 0.9) . 75)
((0 0.6 0.1 0.1 0.8 0.3 0.3 0.2 0.2 0.2 0.7 0.1 0.1 0.3 0.7 0.0 1.0 0.3 0.4 0.1 0.9) . 25)
24700
((0 0.6 0.1 0.1 0.8 0.3 0.3 0.2 0.0 0.2 0.7 0.1 0.1 0.3 0.7 0.0 1.0 0.3 0.4 0.1 0.9) . 60)
((0 0.6 0.1 0.1 0.8 0.3 0.3 0.2 0.2 0.2 0.7 0.1 0.1 0.3 0.7 0.0 1.0 0.3 0.4 0.1 0.9) . 29)
((0 0.6 0.1 0.1 0.8 0.3 0.3 0.2 0.2 0.2 0.7 0.1 0.8 0.3 0.7 0.0 1.0 0.3 0.4 0.1 0.9) . 11)
24600
((0 0.6 0.1 0.1 0.8 0.3 0.3 0.2 0.0 0.2 0.7 0.1 0.1 0.3 0.7 0.0 1.0 0.3 0.4 0.1 0.9) . 58)
((0 0.6 0.1 0.1 0.8 0.3 0.3 0.2 0.2 0.2 0.7 0.1 0.1 0.3 0.7 0.0 1.0 0.3 0.4 0.1 0.9) . 37)
((0 0.6 0.1 0.1 0.8 0.3 0.3 0.2 0.2 0.2 0.7 0.1 0.8 0.3 0.7 0.0 1.0 0.3 0.4 0.1 0.9) . 5)
24500
((0 0.6 0.1 0.1 0.8 0.3 0.3 0.2 0.0 0.2 0.7 0.1 0.1 0.3 0.7 0.0 1.0 0.3 0.4 0.1 0.9) . 96)
((0 0.6 0.1 0.1 0.8 0.3 0.3 0.2 0.2 0.2 0.7 0.1 0.1 0.3 0.7 0.0 1.0 0.3 0.4 0.1 0.9) . 3)
((0 0.6 0.1 0.1 0.8 0.4 0.3 0.2 0.0 0.2 0.7 0.1 0.1 0.3 0.7 0.0 1.0 0.3 0.4 0.1 0.9) . 1)
24400
((0 0.6 0.1 0.1 0.8 0.3 0.3 0.2 0.0 0.2 0.7 0.1 0.1 0.3 0.7 0.0 1.0 0.3 0.4 0.1 0.9) . 96)
((0 0.6 0.1 0.1 0.8 0.3 0.3 0.2 0.2 0.2 0.7 0.1 0.1 0.3 0.7 0.0 1.0 0.3 0.4 0.1 0.9) . 4)
24300
((0 0.6 0.1 0.1 0.8 0.3 0.3 0.2 0.0 0.2 0.7 0.1 0.1 0.3 0.7 0.0 1.0 0.3 0.4 0.1 0.9) . 100)
24200
((0 0.6 0.1 0.1 0.8 0.3 0.3 0.2 0.0 0.2 0.7 0.1 0.1 0.3 0.7 0.0 1.0 0.3 0.4 0.1 0.9) . 100)
24100
((0 0.6 0.1 0.1 0.8 0.3 0.3 0.2 0.0 0.2 0.7 0.1 0.1 0.3 0.7 0.0 1.0 0.3 0.4 0.1 0.9) . 97)
((0 0.6 0.1 0.1 0.8 0.3 0.3 0.2 0.0 0.2 0.7 0.1 0.1 0.0 0.7 0.0 1.0 0.3 0.4 0.1 0.9) . 3)
24000
((0 0.6 0.1 0.1 0.8 0.3 0.3 0.2 0.0 0.2 0.7 0.1 0.1 0.3 0.7 0.0 1.0 0.3 0.4 0.1 0.9) . 93)
((0 0.6 0.1 0.1 0.8 0.3 0.3 0.2 0.0 0.2 0.5 0.1 0.1 0.3 0.7 0.0 1.0 0.3 0.4 0.1 0.9) . 5)
((0 0.6 0.1 0.1 0.8 0.3 0.3 0.2 0.0 0.2 0.7 0.1 0.0 0.3 0.7 0.0 1.0 0.3 0.4 0.1 0.9) . 2)
23900
((0 0.6 0.1 0.1 0.8 0.3 0.3 0.2 0.0 0.2 0.7 0.1 0.1 0.3 0.7 0.0 1.0 0.3 0.4 0.1 0.9) . 90)
((0 0.6 0.1 0.1 0.8 0.3 0.3 0.2 0.0 0.2 0.5 0.1 0.1 0.3 0.7 0.0 1.0 0.3 0.4 0.1 0.9) . 10)
23800
((0 0.6 0.1 0.1 0.8 0.3 0.3 0.2 0.0 0.2 0.7 0.1 0.1 0.3 0.7 0.0 1.0 0.3 0.4 0.1 0.9) . 93)
((0 0.6 0.1 0.1 0.8 0.3 0.3 0.2 0.0 0.2 0.5 0.1 0.1 0.3 0.7 0.0 1.0 0.3 0.4 0.1 0.9) . 5)
((0 0.6 0.1 0.1 0.8 0.3 0.3 0.2 0.0 0.2 0.7 0.1 0.1 0.3 0.7 0.0 1.0 0.3 0.1 0.1 0.9) . 2)
23700
((0 0.6 0.1 0.1 0.8 0.3 0.3 0.2 0.0 0.2 0.7 0.1 0.1 0.3 0.7 0.0 1.0 0.3 0.4 0.1 0.9) . 100)
23600
((0 0.6 0.1 0.1 0.8 0.3 0.3 0.2 0.0 0.2 0.7 0.1 0.1 0.3 0.7 0.0 1.0 0.3 0.4 0.1 0.9) . 100)
23500
((0 0.6 0.1 0.1 0.8 0.3 0.3 0.2 0.0 0.2 0.7 0.1 0.1 0.3 0.7 0.0 1.0 0.3 0.4 0.1 0.9) . 92)
((0 0.6 0.1 0.1 0.8 0.3 0.3 0.2 0.0 0.2 0.8 0.1 0.1 0.3 0.7 0.0 1.0 0.3 0.4 0.1 0.9) . 8)
23400
((0 0.6 0.1 0.1 0.8 0.3 0.3 0.2 0.0 0.2 0.7 0.1 0.1 0.3 0.7 0.0 1.0 0.3 0.4 0.1 0.9) . 92)
((0 0.6 0.1 0.1 0.8 0.3 0.3 0.2 0.0 0.2 0.8 0.1 0.1 0.3 0.7 0.0 1.0 0.3 0.4 0.1 0.9) . 8)
23300
((0 0.6 0.1 0.1 0.8 0.3 0.3 0.2 0.0 0.2 0.7 0.1 0.1 0.3 0.7 0.0 1.0 0.3 0.4 0.1 0.9) . 95)
((0 0.6 0.1 0.1 0.8 0.3 0.3 0.2 0.0 0.2 0.8 0.1 0.1 0.3 0.7 0.0 1.0 0.3 0.4 0.1 0.9) . 5)
23200
((0 0.6 0.1 0.1 0.8 0.3 0.3 0.2 0.0 0.2 0.7 0.1 0.1 0.3 0.7 0.0 1.0 0.3 0.4 0.1 0.9) . 94)
((0 0.6 0.1 0.1 0.8 0.3 0.3 0.2 0.0 0.2 0.8 0.1 0.1 0.3 0.7 0.0 1.0 0.3 0.4 0.1 0.9) . 6)
23100
((0 0.6 0.1 0.1 0.8 0.3 0.3 0.2 0.0 0.2 0.7 0.1 0.1 0.3 0.7 0.0 1.0 0.3 0.4 0.1 0.9) . 100)
23000
((0 0.6 0.1 0.1 0.8 0.3 0.3 0.2 0.0 0.2 0.7 0.1 0.1 0.3 0.7 0.0 1.0 0.3 0.4 0.1 0.9) . 100)
22900
((0 0.6 0.1 0.1 0.8 0.3 0.3 0.2 0.0 0.2 0.7 0.1 0.1 0.3 0.7 0.0 1.0 0.3 0.4 0.1 0.9) . 96)
((0 0.6 0.1 0.1 0.8 0.3 0.3 0.2 0.0 0.2 0.7 0.4 0.1 0.3 0.7 0.0 1.0 0.3 0.4 0.1 0.9) . 4)
22800
((0 0.6 0.1 0.1 0.8 0.3 0.3 0.2 0.0 0.2 0.7 0.1 0.1 0.3 0.7 0.0 1.0 0.3 0.4 0.1 0.9) . 93)
((0 0.6 0.1 0.1 0.8 0.3 0.3 0.2 0.0 0.2 0.3 0.1 0.1 0.3 0.7 0.0 1.0 0.3 0.4 0.1 0.9) . 5)
((0 0.6 0.1 0.1 0.8 0.0 0.3 0.2 0.0 0.2 0.7 0.1 0.1 0.3 0.7 0.0 1.0 0.3 0.4 0.1 0.9) . 2)
22700
((0 0.6 0.1 0.1 0.8 0.3 0.3 0.2 0.0 0.2 0.7 0.1 0.1 0.3 0.7 0.0 1.0 0.3 0.4 0.1 0.9) . 98)
((0 0.6 0.1 0.1 0.8 0.7 0.3 0.2 0.0 0.2 0.7 0.1 0.1 0.3 0.7 0.0 1.0 0.3 0.4 0.1 0.9) . 2)
22600
((0 0.6 0.1 0.1 0.8 0.3 0.3 0.2 0.0 0.2 0.7 0.1 0.1 0.3 0.7 0.0 1.0 0.3 0.4 0.1 0.9) . 100)
22500
((0 0.6 0.1 0.1 0.8 0.3 0.3 0.2 0.0 0.2 0.7 0.1 0.1 0.3 0.7 0.0 1.0 0.3 0.4 0.1 0.9) . 100)
22400
((0 0.6 0.1 0.1 0.8 0.3 0.3 0.2 0.0 0.2 0.7 0.1 0.1 0.3 0.7 0.0 1.0 0.3 0.4 0.1 0.9) . 96)
((0 0.6 0.1 0.1 0.8 0.3 0.3 0.2 0.0 0.2 0.7 0.1 0.1 0.3 0.7 0.0 1.0 0.3 0.0 0.1 0.9) . 2)
((0 0.6 0.1 0.1 0.8 0.3 0.3 0.2 0.0 0.2 0.7 0.1 0.1 0.3 0.7 0.0 0.2 0.3 0.4 0.1 0.9) . 2)
22300
((0 0.6 0.1 0.1 0.8 0.3 0.3 0.2 0.0 0.2 0.7 0.1 0.1 0.3 0.7 0.0 1.0 0.3 0.4 0.1 0.9) . 96)
((0 0.6 0.1 0.1 0.8 0.3 0.3 0.2 0.0 0.2 0.7 0.1 0.1 0.3 0.7 0.0 1.0 0.4 0.4 0.1 0.9) . 4)
22200
((0 0.6 0.1 0.1 0.8 0.3 0.3 0.2 0.0 0.2 0.7 0.1 0.1 0.3 0.7 0.0 1.0 0.3 0.4 0.1 0.9) . 100)
22100
((0 0.6 0.1 0.1 0.8 0.3 0.3 0.2 0.0 0.2 0.7 0.1 0.1 0.3 0.7 0.0 1.0 0.3 0.4 0.1 0.9) . 71)
((0 0.6 0.1 0.1 0.8 0.3 0.3 0.2 0.5 0.2 0.7 0.1 0.1 0.3 0.7 0.0 1.0 0.3 0.4 0.1 0.9) . 29)
22000
((0 0.6 0.1 0.1 0.8 0.3 0.3 0.2 0.0 0.2 0.7 0.1 0.1 0.3 0.7 0.0 1.0 0.3 0.4 0.1 0.9) . 84)
((0 0.6 0.1 0.1 0.8 0.3 0.3 0.2 0.5 0.2 0.7 0.1 0.1 0.3 0.7 0.0 1.0 0.3 0.4 0.1 0.9) . 15)
((0 0.6 0.1 0.1 0.8 0.3 0.3 0.2 0.0 0.2 0.7 0.1 0.1 0.3 0.7 0.0 1.0 0.3 0.4 0.0 0.9) . 1)
21900
((0 0.6 0.1 0.1 0.8 0.3 0.3 0.2 0.0 0.2 0.7 0.1 0.1 0.3 0.7 0.0 1.0 0.3 0.4 0.1 0.9) . 98)
((0 0.6 0.1 0.1 0.8 0.3 0.3 0.2 0.5 0.2 0.7 0.1 0.1 0.3 0.7 0.0 1.0 0.3 0.4 0.1 0.9) . 2)
21800
((0 0.6 0.1 0.1 0.8 0.3 0.3 0.2 0.0 0.2 0.7 0.1 0.1 0.3 0.7 0.0 1.0 0.3 0.4 0.1 0.9) . 100)
21700
((0 0.6 0.1 0.1 0.8 0.3 0.3 0.2 0.0 0.2 0.7 0.1 0.1 0.3 0.7 0.0 1.0 0.3 0.4 0.1 0.9) . 100)
21600
((0 0.6 0.1 0.1 0.8 0.3 0.3 0.2 0.0 0.2 0.7 0.1 0.1 0.3 0.7 0.0 1.0 0.3 0.4 0.1 0.9) . 84)
((0 0.6 0.1 0.1 0.9 0.3 0.3 0.2 0.0 0.2 0.7 0.1 0.1 0.3 0.7 0.0 1.0 0.3 0.4 0.1 0.9) . 14)
((0 0.6 0.1 0.1 0.8 0.3 0.3 0.2 0.0 0.2 0.7 0.1 0.1 0.3 0.7 0.0 1.0 0.3 0.4 0.1 0.7) . 2)
21500
((0 0.6 0.1 0.1 0.8 0.3 0.3 0.2 0.0 0.2 0.7 0.1 0.1 0.3 0.7 0.0 1.0 0.3 0.4 0.1 0.9) . 97)
((0 0.6 0.1 0.1 0.8 0.3 0.3 0.2 0.0 0.2 0.7 0.1 0.1 0.3 0.7 0.0 0.1 0.3 0.4 0.1 0.9) . 2)
((0 0.6 0.1 0.1 0.9 0.3 0.3 0.2 0.0 0.2 0.7 0.1 0.1 0.3 0.7 0.0 1.0 0.3 0.4 0.1 0.9) . 1)
21400
((0 0.6 0.1 0.1 0.8 0.3 0.3 0.2 0.0 0.2 0.7 0.1 0.1 0.3 0.7 0.0 1.0 0.3 0.4 0.1 0.9) . 100)
21300
((0 0.6 0.1 0.1 0.8 0.3 0.3 0.2 0.0 0.2 0.7 0.1 0.1 0.3 0.7 0.0 1.0 0.3 0.4 0.1 0.9) . 87)
((0 0.6 0.1 0.1 0.8 0.3 0.3 0.9 0.0 0.2 0.7 0.1 0.1 0.3 0.7 0.0 1.0 0.3 0.4 0.1 0.9) . 13)
21200
((0 0.6 0.1 0.1 0.8 0.3 0.3 0.2 0.0 0.2 0.7 0.1 0.1 0.3 0.7 0.0 1.0 0.3 0.4 0.1 0.9) . 92)
((0 0.6 0.1 0.1 0.8 0.3 0.3 0.9 0.0 0.2 0.7 0.1 0.1 0.3 0.7 0.0 1.0 0.3 0.4 0.1 0.9) . 7)
((0 0.6 0.1 0.1 0.8 0.3 0.3 0.2 0.0 0.2 0.7 0.1 0.6 0.3 0.7 0.0 1.0 0.3 0.4 0.1 0.9) . 1)
21100
((0 0.6 0.1 0.1 0.8 0.3 0.3 0.2 0.0 0.2 0.7 0.1 0.1 0.3 0.7 0.0 1.0 0.3 0.4 0.1 0.9) . 100)
21000
((0 0.6 0.1 0.1 0.8 0.3 0.3 0.2 0.0 0.2 0.7 0.1 0.1 0.3 0.7 0.0 1.0 0.3 0.4 0.1 0.9) . 99)
((0 0.6 0.1 0.1 0.8 0.3 0.3 0.2 0.0 0.2 0.7 0.1 0.1 0.3 0.7 0.0 1.0 0.3 0.1 0.1 0.9) . 1)
20900
((0 0.6 0.1 0.1 0.8 0.3 0.3 0.2 0.0 0.2 0.7 0.1 0.1 0.3 0.7 0.0 1.0 0.3 0.4 0.1 0.9) . 98)
((0 0.6 0.1 0.1 0.8 0.3 0.3 0.2 0.4 0.2 0.7 0.1 0.1 0.3 0.7 0.0 1.0 0.3 0.4 0.1 0.9) . 2)
20800
((0 0.6 0.1 0.1 0.8 0.3 0.3 0.2 0.0 0.2 0.7 0.1 0.1 0.3 0.7 0.0 1.0 0.3 0.4 0.1 0.9) . 98)
((0 0.6 0.1 0.1 0.8 0.3 0.3 0.2 0.0 0.2 0.7 0.1 0.1 0.3 0.7 0.0 1.0 0.1 0.4 0.1 0.9) . 2)
20700
((0 0.6 0.1 0.1 0.8 0.3 0.3 0.2 0.0 0.2 0.7 0.1 0.1 0.3 0.7 0.0 1.0 0.3 0.4 0.1 0.9) . 99)
((0 0.6 0.1 0.1 0.8 0.3 0.3 0.2 0.0 0.2 0.7 0.1 0.1 0.3 0.7 0.0 1.0 0.3 0.4 0.1 0.1) . 1)
20600
((0 0.6 0.1 0.1 0.8 0.3 0.3 0.2 0.0 0.2 0.7 0.1 0.1 0.3 0.7 0.0 1.0 0.3 0.4 0.1 0.9) . 95)
((0 0.6 0.1 0.1 0.8 0.3 0.3 0.2 0.0 0.2 0.7 0.1 0.1 0.1 0.7 0.0 1.0 0.3 0.4 0.1 0.9) . 5)
20500
((0 0.6 0.1 0.1 0.8 0.3 0.3 0.2 0.0 0.2 0.7 0.1 0.1 0.3 0.7 0.0 1.0 0.3 0.4 0.1 0.9) . 100)
20400
((0 0.6 0.1 0.1 0.8 0.3 0.3 0.2 0.0 0.2 0.7 0.1 0.1 0.3 0.7 0.0 1.0 0.3 0.4 0.1 0.9) . 100)
20300
((0 0.6 0.1 0.1 0.8 0.3 0.3 0.2 0.0 0.2 0.7 0.1 0.1 0.3 0.7 0.0 1.0 0.3 0.4 0.1 0.9) . 98)
((0 0.6 0.1 0.1 0.8 0.3 0.3 0.2 0.0 0.2 0.7 0.1 0.1 0.3 0.7 0.0 1.0 0.3 0.0 0.1 0.9) . 2)
20200
((0 0.6 0.1 0.1 0.8 0.3 0.3 0.2 0.0 0.2 0.7 0.1 0.1 0.3 0.7 0.0 1.0 0.3 0.4 0.1 0.9) . 95)
((0 0.6 0.1 0.1 0.8 0.3 0.3 0.2 0.0 0.2 0.7 0.1 0.1 0.3 0.7 0.0 1.0 0.3 0.0 0.1 0.9) . 5)
20100
((0 0.6 0.1 0.1 0.8 0.3 0.3 0.2 0.0 0.2 0.7 0.1 0.1 0.3 0.7 0.0 1.0 0.3 0.4 0.1 0.9) . 89)
((0 0.6 0.1 0.1 0.8 0.3 0.3 0.2 0.0 0.2 0.7 0.1 0.1 0.3 0.7 0.0 1.0 0.3 0.0 0.1 0.9) . 11)
20000
((0 0.6 0.1 0.1 0.8 0.3 0.3 0.2 0.0 0.2 0.7 0.1 0.1 0.3 0.7 0.0 1.0 0.3 0.4 0.1 0.9) . 94)
((0 0.6 0.1 0.1 0.8 0.3 0.3 0.2 0.0 0.2 0.7 0.1 0.1 0.3 0.7 0.0 1.0 0.3 0.0 0.1 0.9) . 5)
((0 0.8 0.1 0.1 0.8 0.3 0.3 0.2 0.0 0.2 0.7 0.1 0.1 0.3 0.7 0.0 1.0 0.3 0.4 0.1 0.9) . 1)
19900
((0 0.6 0.1 0.1 0.8 0.3 0.3 0.2 0.0 0.2 0.7 0.1 0.1 0.3 0.7 0.0 1.0 0.3 0.4 0.1 0.9) . 100)
19800
((0 0.6 0.1 0.1 0.8 0.3 0.3 0.2 0.0 0.2 0.7 0.1 0.1 0.3 0.7 0.0 1.0 0.3 0.4 0.1 0.9) . 100)
19700
((0 0.6 0.1 0.1 0.8 0.3 0.3 0.2 0.0 0.2 0.7 0.1 0.1 0.3 0.7 0.0 1.0 0.3 0.4 0.1 0.9) . 100)
19600
((0 0.6 0.1 0.1 0.8 0.3 0.3 0.2 0.0 0.2 0.7 0.1 0.1 0.3 0.7 0.0 1.0 0.3 0.4 0.1 0.9) . 69)
((0 0.6 0.1 0.1 0.8 0.3 0.3 0.2 0.0 0.2 0.7 0.1 0.1 0.3 0.7 0.0 1.0 0.4 0.4 0.1 0.9) . 24)
((0 0.6 0.1 0.1 0.8 0.3 0.3 0.2 0.0 0.1 0.7 0.1 0.1 0.3 0.7 0.0 1.0 0.3 0.4 0.1 0.9) . 4)
((0 0.7 0.1 0.1 0.8 0.3 0.3 0.2 0.0 0.2 0.7 0.1 0.1 0.3 0.7 0.0 1.0 0.3 0.4 0.1 0.9) . 3)
19500
((0 0.6 0.1 0.1 0.8 0.3 0.3 0.2 0.0 0.2 0.7 0.1 0.1 0.3 0.7 0.0 1.0 0.3 0.4 0.1 0.9) . 93)
((0 0.6 0.1 0.1 0.8 0.3 0.3 0.2 0.0 0.2 0.7 0.1 0.1 0.3 0.7 0.0 1.0 0.4 0.4 0.1 0.9) . 7)
19400
((0 0.6 0.1 0.1 0.8 0.3 0.3 0.2 0.0 0.2 0.7 0.1 0.1 0.3 0.7 0.0 1.0 0.3 0.4 0.1 0.9) . 99)
((0 0.6 0.1 0.1 0.8 0.3 0.3 0.2 0.0 0.2 0.7 0.1 0.1 0.3 0.7 0.0 1.0 0.4 0.4 0.1 0.9) . 1)
19300
((0 0.6 0.1 0.1 0.8 0.3 0.3 0.2 0.0 0.2 0.7 0.1 0.1 0.3 0.7 0.0 1.0 0.3 0.4 0.1 0.9) . 100)
19200
((0 0.6 0.1 0.1 0.8 0.3 0.3 0.2 0.0 0.2 0.7 0.1 0.1 0.3 0.7 0.0 1.0 0.3 0.4 0.1 0.9) . 97)
((0 0.6 0.1 0.1 0.8 0.6 0.3 0.2 0.0 0.2 0.7 0.1 0.1 0.3 0.7 0.0 1.0 0.3 0.4 0.1 0.9) . 2)
((0 0.8 0.1 0.1 0.8 0.3 0.3 0.2 0.0 0.2 0.7 0.1 0.1 0.3 0.7 0.0 1.0 0.3 0.4 0.1 0.9) . 1)
19100
((0 0.6 0.1 0.1 0.8 0.3 0.3 0.2 0.0 0.2 0.7 0.1 0.1 0.3 0.7 0.0 1.0 0.3 0.4 0.1 0.9) . 100)
19000
((0 0.6 0.1 0.1 0.8 0.3 0.3 0.2 0.0 0.2 0.7 0.1 0.1 0.3 0.7 0.0 1.0 0.3 0.4 0.1 0.9) . 97)
((0 0.6 0.1 0.1 0.8 0.3 0.3 0.2 0.0 0.2 0.8 0.1 0.1 0.3 0.7 0.0 1.0 0.3 0.4 0.1 0.9) . 3)
18900
((0 0.6 0.1 0.1 0.8 0.3 0.3 0.2 0.0 0.2 0.7 0.1 0.1 0.3 0.7 0.0 1.0 0.3 0.4 0.1 0.9) . 100)
18800
((0 0.6 0.1 0.1 0.8 0.3 0.3 0.2 0.0 0.2 0.7 0.1 0.1 0.3 0.7 0.0 1.0 0.3 0.4 0.1 0.9) . 100)
18700
((0 0.6 0.1 0.1 0.8 0.3 0.3 0.2 0.0 0.2 0.7 0.1 0.1 0.3 0.7 0.0 1.0 0.3 0.4 0.1 0.9) . 100)
18600
((0 0.6 0.1 0.1 0.8 0.3 0.3 0.2 0.0 0.2 0.7 0.1 0.1 0.3 0.7 0.0 1.0 0.3 0.4 0.1 0.9) . 100)
18500
((0 0.6 0.1 0.1 0.8 0.3 0.3 0.2 0.0 0.2 0.7 0.1 0.1 0.3 0.7 0.0 1.0 0.3 0.4 0.1 0.9) . 100)
18400
((0 0.6 0.1 0.1 0.8 0.3 0.3 0.2 0.0 0.2 0.7 0.1 0.1 0.3 0.7 0.0 1.0 0.3 0.4 0.1 0.9) . 100)
18300
((0 0.6 0.1 0.1 0.8 0.3 0.3 0.2 0.0 0.2 0.7 0.1 0.1 0.3 0.7 0.0 1.0 0.3 0.4 0.1 0.9) . 99)
((0 0.6 0.1 0.1 0.8 0.3 0.3 0.2 0.0 0.2 0.7 0.1 0.0 0.3 0.7 0.0 1.0 0.3 0.4 0.1 0.9) . 1)
18200
((0 0.6 0.1 0.1 0.8 0.3 0.3 0.2 0.0 0.2 0.7 0.1 0.1 0.3 0.7 0.0 1.0 0.3 0.4 0.1 0.9) . 87)
((0 0.6 0.1 0.1 0.8 0.3 0.3 0.2 0.0 0.2 0.7 0.0 0.1 0.3 0.7 0.0 1.0 0.3 0.4 0.1 0.9) . 13)
18100
((0 0.6 0.1 0.1 0.8 0.3 0.3 0.2 0.0 0.2 0.7 0.1 0.1 0.3 0.7 0.0 1.0 0.3 0.4 0.1 0.9) . 97)
((0 0.6 0.1 0.1 0.8 0.3 0.3 0.2 0.0 0.2 0.7 0.0 0.1 0.3 0.7 0.0 1.0 0.3 0.4 0.1 0.9) . 3)
18000
((0 0.6 0.1 0.1 0.8 0.3 0.3 0.2 0.0 0.2 0.7 0.1 0.1 0.3 0.7 0.0 1.0 0.3 0.4 0.1 0.9) . 88)
((0 0.6 0.1 0.1 0.8 0.3 0.3 0.2 0.0 0.2 0.7 0.0 0.1 0.3 0.7 0.0 1.0 0.3 0.4 0.1 0.9) . 12)
17900
((0 0.6 0.1 0.1 0.8 0.3 0.3 0.2 0.0 0.2 0.7 0.1 0.1 0.3 0.7 0.0 1.0 0.3 0.4 0.1 0.9) . 85)
((0 0.6 0.1 0.1 0.8 0.3 0.3 0.2 0.0 0.2 0.7 0.0 0.1 0.3 0.7 0.0 1.0 0.3 0.4 0.1 0.9) . 12)
((0 0.6 0.1 0.1 0.6 0.3 0.3 0.2 0.0 0.2 0.7 0.1 0.1 0.3 0.7 0.0 1.0 0.3 0.4 0.1 0.9) . 3)
17800
((0 0.6 0.1 0.1 0.8 0.3 0.3 0.2 0.0 0.2 0.7 0.1 0.1 0.3 0.7 0.0 1.0 0.3 0.4 0.1 0.9) . 94)
((0 0.6 0.1 0.1 0.8 0.3 0.3 0.2 0.0 0.2 0.7 0.0 0.1 0.3 0.7 0.0 1.0 0.3 0.4 0.1 0.9) . 6)
17700
((0 0.6 0.1 0.1 0.8 0.3 0.3 0.2 0.0 0.2 0.7 0.1 0.1 0.3 0.7 0.0 1.0 0.3 0.4 0.1 0.9) . 100)
17600
((0 0.6 0.1 0.1 0.8 0.3 0.3 0.2 0.0 0.2 0.7 0.1 0.1 0.3 0.7 0.0 1.0 0.3 0.4 0.1 0.9) . 98)
((0 0.6 0.1 0.1 0.8 0.3 0.3 0.2 0.0 0.2 0.7 0.1 0.3 0.3 0.7 0.0 1.0 0.3 0.4 0.1 0.9) . 2)
17500
((0 0.6 0.1 0.1 0.8 0.3 0.3 0.2 0.0 0.2 0.7 0.1 0.1 0.3 0.7 0.0 1.0 0.3 0.4 0.1 0.9) . 99)
((0 0.6 0.1 0.1 0.8 0.3 0.3 0.2 0.0 0.2 0.7 0.1 0.1 0.3 0.7 0.0 1.0 0.3 0.1 0.1 0.9) . 1)
17400
((0 0.6 0.1 0.1 0.8 0.3 0.3 0.2 0.0 0.2 0.7 0.1 0.1 0.3 0.7 0.0 1.0 0.3 0.4 0.1 0.9) . 89)
((0 0.6 0.1 0.1 0.8 0.3 0.3 0.2 0.0 0.2 0.7 0.5 0.1 0.3 0.7 0.0 1.0 0.3 0.4 0.1 0.9) . 7)
((0 0.6 0.1 0.1 0.8 0.3 0.3 0.2 0.1 0.2 0.7 0.1 0.1 0.3 0.7 0.0 1.0 0.3 0.4 0.1 0.9) . 4)
17300
((0 0.6 0.1 0.1 0.8 0.3 0.3 0.2 0.0 0.2 0.7 0.1 0.1 0.3 0.7 0.0 1.0 0.3 0.4 0.1 0.9) . 66)
((0 0.6 0.1 0.1 0.8 0.3 0.3 0.2 0.0 0.2 0.7 0.5 0.1 0.3 0.7 0.0 1.0 0.3 0.4 0.1 0.9) . 34)
17200
((0 0.6 0.1 0.1 0.8 0.3 0.3 0.2 0.0 0.2 0.7 0.1 0.1 0.3 0.7 0.0 1.0 0.3 0.4 0.1 0.9) . 58)
((0 0.6 0.1 0.1 0.8 0.3 0.3 0.2 0.0 0.2 0.7 0.5 0.1 0.3 0.7 0.0 1.0 0.3 0.4 0.1 0.9) . 42)
17100
((0 0.6 0.1 0.1 0.8 0.3 0.3 0.2 0.0 0.2 0.7 0.1 0.1 0.3 0.7 0.0 1.0 0.3 0.4 0.1 0.9) . 82)
((0 0.6 0.1 0.1 0.8 0.3 0.3 0.2 0.0 0.2 0.7 0.5 0.1 0.3 0.7 0.0 1.0 0.3 0.4 0.1 0.9) . 18)
17000
((0 0.6 0.1 0.1 0.8 0.3 0.3 0.2 0.0 0.2 0.7 0.1 0.1 0.3 0.7 0.0 1.0 0.3 0.4 0.1 0.9) . 53)
((0 0.6 0.1 0.1 0.8 0.3 0.3 0.2 0.0 0.2 0.7 0.5 0.1 0.3 0.7 0.0 1.0 0.3 0.4 0.1 0.9) . 27)
((0 0.6 0.1 0.1 0.8 0.3 0.3 0.3 0.0 0.2 0.7 0.5 0.1 0.3 0.7 0.0 1.0 0.3 0.4 0.1 0.9) . 16)
((0 0.6 0.1 0.1 0.8 0.3 0.3 0.2 0.0 0.2 0.7 0.5 0.1 0.3 0.7 0.0 1.0 0.1 0.4 0.1 0.9) . 4)
16900
((0 0.6 0.1 0.1 0.8 0.3 0.3 0.3 0.0 0.2 0.7 0.5 0.1 0.3 0.7 0.0 1.0 0.3 0.4 0.1 0.9) . 61)
((0 0.6 0.1 0.1 0.8 0.3 0.3 0.2 0.0 0.2 0.7 0.1 0.1 0.3 0.7 0.0 1.0 0.3 0.4 0.1 0.9) . 38)
((0 0.5 0.1 0.1 0.8 0.3 0.3 0.3 0.0 0.2 0.7 0.5 0.1 0.3 0.7 0.0 1.0 0.3 0.4 0.1 0.9) . 1)
16800
((0 0.6 0.1 0.1 0.8 0.3 0.3 0.3 0.0 0.2 0.7 0.5 0.1 0.3 0.7 0.0 1.0 0.3 0.4 0.1 0.9) . 81)
((0 0.6 0.1 0.1 0.8 0.3 0.3 0.3 0.0 0.2 0.7 0.5 0.1 0.3 0.7 0.0 1.0 0.3 0.5 0.1 0.9) . 12)
((0 0.6 0.1 0.1 0.8 0.3 0.3 0.2 0.0 0.2 0.7 0.1 0.1 0.3 0.7 0.0 1.0 0.3 0.4 0.1 0.9) . 6)
((0 0.6 0.1 0.1 0.8 0.3 0.3 0.3 0.0 0.1 0.7 0.5 0.1 0.3 0.7 0.0 1.0 0.3 0.4 0.1 0.9) . 1)
16700
((0 0.6 0.1 0.1 0.8 0.3 0.3 0.3 0.0 0.2 0.7 0.5 0.1 0.3 0.7 0.0 1.0 0.3 0.4 0.1 0.9) . 93)
((0 0.6 0.1 0.1 0.8 0.3 0.3 0.2 0.0 0.2 0.7 0.1 0.1 0.3 0.7 0.0 1.0 0.3 0.4 0.1 0.9) . 7)
16600
((0 0.6 0.1 0.1 0.8 0.3 0.3 0.3 0.0 0.2 0.7 0.5 0.1 0.3 0.7 0.0 1.0 0.3 0.4 0.1 0.9) . 100)
16500
((0 0.6 0.1 0.1 0.8 0.3 0.3 0.3 0.0 0.2 0.7 0.5 0.1 0.3 0.7 0.0 1.0 0.3 0.4 0.1 0.9) . 100)
16400
((0 0.6 0.1 0.1 0.8 0.3 0.3 0.3 0.0 0.2 0.7 0.5 0.1 0.3 0.7 0.0 1.0 0.3 0.4 0.1 0.9) . 100)
16300
((0 0.6 0.1 0.1 0.8 0.3 0.3 0.3 0.0 0.2 0.7 0.5 0.1 0.3 0.7 0.0 1.0 0.3 0.4 0.1 0.9) . 100)
16200
((0 0.6 0.1 0.1 0.8 0.3 0.3 0.3 0.0 0.2 0.7 0.5 0.1 0.3 0.7 0.0 1.0 0.3 0.4 0.1 0.9) . 100)
16100
((0 0.6 0.1 0.1 0.8 0.3 0.3 0.3 0.0 0.2 0.7 0.5 0.1 0.3 0.7 0.0 1.0 0.3 0.4 0.1 0.9) . 86)
((0 0.6 0.3 0.1 0.8 0.3 0.3 0.3 0.0 0.2 0.7 0.5 0.1 0.3 0.7 0.0 1.0 0.3 0.4 0.1 0.9) . 14)
16000
((0 0.6 0.1 0.1 0.8 0.3 0.3 0.3 0.0 0.2 0.7 0.5 0.1 0.3 0.7 0.0 1.0 0.3 0.4 0.1 0.9) . 91)
((0 0.6 0.3 0.1 0.8 0.3 0.3 0.3 0.0 0.2 0.7 0.5 0.1 0.3 0.7 0.0 1.0 0.3 0.4 0.1 0.9) . 9)
15900
((0 0.6 0.1 0.1 0.8 0.3 0.3 0.3 0.0 0.2 0.7 0.5 0.1 0.3 0.7 0.0 1.0 0.3 0.4 0.1 0.9) . 92)
((0 0.6 0.3 0.1 0.8 0.3 0.3 0.3 0.0 0.2 0.7 0.5 0.1 0.3 0.7 0.0 1.0 0.3 0.4 0.1 0.9) . 8)
15800
((0 0.6 0.1 0.1 0.8 0.3 0.3 0.3 0.0 0.2 0.7 0.5 0.1 0.3 0.7 0.0 1.0 0.3 0.4 0.1 0.9) . 87)
((0 0.6 0.3 0.1 0.8 0.3 0.3 0.3 0.0 0.2 0.7 0.5 0.1 0.3 0.7 0.0 1.0 0.3 0.4 0.1 0.9) . 13)
15700
((0 0.6 0.1 0.1 0.8 0.3 0.3 0.3 0.0 0.2 0.7 0.5 0.1 0.3 0.7 0.0 1.0 0.3 0.4 0.1 0.9) . 90)
((0 0.6 0.3 0.1 0.8 0.3 0.3 0.3 0.0 0.2 0.7 0.5 0.1 0.3 0.7 0.0 1.0 0.3 0.4 0.1 0.9) . 10)
15600
((0 0.6 0.1 0.1 0.8 0.3 0.3 0.3 0.0 0.2 0.7 0.5 0.1 0.3 0.7 0.0 1.0 0.3 0.4 0.1 0.9) . 93)
((0 0.6 0.3 0.1 0.8 0.3 0.3 0.3 0.0 0.2 0.7 0.5 0.1 0.3 0.7 0.0 1.0 0.3 0.4 0.1 0.9) . 7)
15500
((0 0.6 0.1 0.1 0.8 0.3 0.3 0.3 0.0 0.2 0.7 0.5 0.1 0.3 0.7 0.0 1.0 0.3 0.4 0.1 0.9) . 100)
15400
((0 0.6 0.1 0.1 0.8 0.3 0.3 0.3 0.0 0.2 0.7 0.5 0.1 0.3 0.7 0.0 1.0 0.3 0.4 0.1 0.9) . 99)
((0 0.6 0.1 0.1 0.8 0.3 0.3 0.3 0.0 0.2 0.7 0.5 0.1 0.3 0.7 0.0 1.0 0.1 0.4 0.1 0.9) . 1)
15300
((0 0.6 0.1 0.1 0.8 0.3 0.3 0.3 0.0 0.2 0.7 0.5 0.1 0.3 0.7 0.0 1.0 0.3 0.4 0.1 0.9) . 100)
15200
((0 0.6 0.1 0.1 0.8 0.3 0.3 0.3 0.0 0.2 0.7 0.5 0.1 0.3 0.7 0.0 1.0 0.3 0.4 0.1 0.9) . 100)
15100
((0 0.6 0.1 0.1 0.8 0.3 0.3 0.3 0.0 0.2 0.7 0.5 0.1 0.3 0.7 0.0 1.0 0.3 0.4 0.1 0.9) . 89)
((0 0.6 0.1 0.1 0.8 0.3 0.3 0.3 0.0 0.2 0.7 0.5 0.1 0.3 0.7 0.0 1.0 0.3 0.4 0.0 0.9) . 8)
((0 0.3 0.1 0.1 0.8 0.3 0.3 0.3 0.0 0.2 0.7 0.5 0.1 0.3 0.7 0.0 1.0 0.3 0.4 0.1 0.9) . 3)
15000
((0 0.6 0.1 0.1 0.8 0.3 0.3 0.3 0.0 0.2 0.7 0.5 0.1 0.3 0.7 0.0 1.0 0.3 0.4 0.1 0.9) . 90)
((0 0.6 0.1 0.1 0.8 0.3 0.3 0.3 0.0 0.2 0.7 0.5 0.1 0.3 0.7 0.0 1.0 0.3 0.4 0.0 0.9) . 10)
14900
((0 0.6 0.1 0.1 0.8 0.3 0.3 0.3 0.0 0.2 0.7 0.5 0.1 0.3 0.7 0.0 1.0 0.3 0.4 0.1 0.9) . 87)
((0 0.6 0.1 0.1 0.8 0.3 0.3 0.3 0.0 0.2 0.7 0.5 0.1 0.3 0.7 0.0 1.0 0.3 0.4 0.0 0.9) . 10)
((0 0.6 0.1 0.1 0.8 0.3 0.3 0.3 0.0 0.2 0.7 0.5 0.1 0.3 0.7 0.0 1.0 0.3 0.4 0.1 0.1) . 3)
14800
((0 0.6 0.1 0.1 0.8 0.3 0.3 0.3 0.0 0.2 0.7 0.5 0.1 0.3 0.7 0.0 1.0 0.3 0.4 0.1 0.9) . 91)
((0 0.6 0.1 0.1 0.8 0.3 0.3 0.3 0.6 0.2 0.7 0.5 0.1 0.3 0.7 0.0 1.0 0.3 0.4 0.1 0.9) . 8)
((0 0.6 0.1 0.1 0.8 0.3 0.7 0.3 0.0 0.2 0.7 0.5 0.1 0.3 0.7 0.0 1.0 0.3 0.4 0.1 0.9) . 1)
14700
((0 0.6 0.1 0.1 0.8 0.3 0.3 0.3 0.0 0.2 0.7 0.5 0.1 0.3 0.7 0.0 1.0 0.3 0.4 0.1 0.9) . 83)
((0 0.6 0.1 0.1 0.8 0.3 0.3 0.3 0.0 0.2 0.3 0.5 0.1 0.3 0.7 0.0 1.0 0.3 0.4 0.1 0.9) . 16)
((0 0.6 0.1 0.1 0.8 0.3 0.3 0.3 0.6 0.2 0.7 0.5 0.1 0.3 0.7 0.0 1.0 0.3 0.4 0.1 0.9) . 1)
14600
((0 0.6 0.1 0.1 0.8 0.3 0.3 0.3 0.0 0.2 0.7 0.5 0.1 0.3 0.7 0.0 1.0 0.3 0.4 0.1 0.9) . 89)
((0 0.6 0.1 0.1 0.8 0.3 0.3 0.3 0.0 0.2 0.3 0.5 0.1 0.3 0.7 0.0 1.0 0.3 0.4 0.1 0.9) . 11)
14500
((0 0.6 0.1 0.1 0.8 0.3 0.3 0.3 0.0 0.2 0.7 0.5 0.1 0.3 0.7 0.0 1.0 0.3 0.4 0.1 0.9) . 69)
((0 0.6 0.1 0.1 0.8 0.3 0.3 0.3 0.0 0.2 0.3 0.5 0.1 0.3 0.7 0.0 1.0 0.3 0.4 0.1 0.9) . 31)
14400
((0 0.6 0.1 0.1 0.8 0.3 0.3 0.3 0.0 0.2 0.3 0.5 0.1 0.3 0.7 0.0 1.0 0.3 0.4 0.1 0.9) . 59)
((0 0.6 0.1 0.1 0.8 0.3 0.3 0.3 0.0 0.2 0.7 0.5 0.1 0.3 0.7 0.0 1.0 0.3 0.4 0.1 0.9) . 41)
14300
((0 0.6 0.1 0.1 0.8 0.3 0.3 0.3 0.0 0.2 0.3 0.5 0.1 0.3 0.7 0.0 1.0 0.3 0.4 0.1 0.9) . 56)
((0 0.6 0.1 0.1 0.8 0.3 0.3 0.3 0.0 0.2 0.7 0.5 0.1 0.3 0.7 0.0 1.0 0.3 0.4 0.1 0.9) . 44)
14200
((0 0.6 0.1 0.1 0.8 0.3 0.3 0.3 0.0 0.2 0.7 0.5 0.1 0.3 0.7 0.0 1.0 0.3 0.4 0.1 0.9) . 89)
((0 0.6 0.1 0.1 0.8 0.3 0.3 0.3 0.0 0.2 0.3 0.5 0.1 0.3 0.7 0.0 1.0 0.3 0.4 0.1 0.9) . 11)
14100
((0 0.6 0.1 0.1 0.8 0.3 0.3 0.3 0.0 0.2 0.7 0.5 0.1 0.3 0.7 0.0 1.0 0.3 0.4 0.1 0.9) . 88)
((0 0.6 0.1 0.1 0.8 0.3 0.3 0.3 0.0 0.2 0.3 0.5 0.1 0.3 0.7 0.0 1.0 0.3 0.4 0.1 0.9) . 10)
((0 0.6 0.1 0.1 0.8 0.6 0.3 0.3 0.0 0.2 0.7 0.5 0.1 0.3 0.7 0.0 1.0 0.3 0.4 0.1 0.9) . 2)
14000
((0 0.6 0.1 0.1 0.8 0.3 0.3 0.3 0.0 0.2 0.7 0.5 0.1 0.3 0.7 0.0 1.0 0.3 0.4 0.1 0.9) . 81)
((0 0.6 0.1 0.1 0.8 0.6 0.3 0.3 0.0 0.2 0.7 0.5 0.1 0.3 0.7 0.0 1.0 0.3 0.4 0.1 0.9) . 19)
13900
((0 0.6 0.1 0.1 0.8 0.3 0.3 0.3 0.0 0.2 0.7 0.5 0.1 0.3 0.7 0.0 1.0 0.3 0.4 0.1 0.9) . 90)
((0 0.6 0.1 0.1 0.8 0.3 0.3 0.3 0.0 0.0 0.7 0.5 0.1 0.3 0.7 0.0 1.0 0.3 0.4 0.1 0.9) . 5)
((0 0.6 0.1 0.1 0.8 0.6 0.3 0.3 0.0 0.2 0.7 0.5 0.1 0.3 0.7 0.0 1.0 0.3 0.4 0.1 0.9) . 5)
13800
((0 0.6 0.1 0.1 0.8 0.3 0.3 0.3 0.0 0.2 0.7 0.5 0.1 0.3 0.7 0.0 1.0 0.3 0.4 0.1 0.9) . 83)
((0 0.6 0.1 0.1 0.8 0.6 0.3 0.3 0.0 0.2 0.7 0.5 0.1 0.3 0.7 0.0 1.0 0.3 0.4 0.1 0.9) . 17)
13700
((0 0.6 0.1 0.1 0.8 0.3 0.3 0.3 0.0 0.2 0.7 0.5 0.1 0.3 0.7 0.0 1.0 0.3 0.4 0.1 0.9) . 56)
((0 0.6 0.1 0.1 0.8 0.6 0.3 0.3 0.0 0.2 0.7 0.5 0.1 0.3 0.7 0.0 1.0 0.3 0.4 0.1 0.9) . 44)
13600
((0 0.6 0.1 0.1 0.8 0.3 0.3 0.3 0.0 0.2 0.7 0.5 0.1 0.3 0.7 0.0 1.0 0.3 0.4 0.1 0.9) . 54)
((0 0.6 0.1 0.1 0.8 0.6 0.3 0.3 0.0 0.2 0.7 0.5 0.1 0.3 0.7 0.0 1.0 0.3 0.4 0.1 0.9) . 46)
13500
((0 0.6 0.1 0.1 0.8 0.3 0.3 0.3 0.0 0.2 0.7 0.5 0.1 0.3 0.7 0.0 1.0 0.3 0.4 0.1 0.9) . 53)
((0 0.6 0.1 0.1 0.8 0.6 0.3 0.3 0.0 0.2 0.7 0.5 0.1 0.3 0.7 0.0 1.0 0.3 0.4 0.1 0.9) . 47)
13400
((0 0.6 0.1 0.1 0.8 0.6 0.3 0.3 0.0 0.2 0.7 0.5 0.1 0.3 0.7 0.0 1.0 0.3 0.4 0.1 0.9) . 52)
((0 0.6 0.1 0.1 0.8 0.3 0.3 0.3 0.0 0.2 0.7 0.5 0.1 0.3 0.7 0.0 1.0 0.3 0.4 0.1 0.9) . 48)
